l e v e l 	 p a g e _ n u m 	 b l o c k _ n u m 	 p a r _ n u m 	 l i n e _ n u m 	 w o r d _ n u m 	 l e f t 	 t o p 	 w i d t h 	 h e i g h t 	 c o n f 	 t e x t
1 	 1 	 0 	 0 	 0 	 0 	 0 	 0 	 6 6 2 3 	 4 6 7 8 	 - 1 	
2 	 1 	 1 	 0 	 0 	 0 	 3 5 	 2 5 	 6 5 5 2 	 1 	 - 1 	
3 	 1 	 1 	 1 	 0 	 0 	 3 5 	 2 5 	 6 5 5 2 	 1 	 - 1 	
4 	 1 	 1 	 1 	 1 	 0 	 3 5 	 2 5 	 6 5 5 2 	 1 	 - 1 	
5 	 1 	 1 	 1 	 1 	 1 	 3 5 	 2 5 	 6 5 5 2 	 1 	 9 5 	 | |
2 	 1 	 2 	 0 	 0 	 0 	 9 8 	 1 4 0 	 5 4 4 7 	 2 	 - 1 	
3 	 1 	 2 	 1 	 0 	 0 	 9 8 	 1 4 0 	 5 4 4 7 	 2 	 - 1 	
4 	 1 	 2 	 1 	 1 	 0 	 9 8 	 1 4 0 	 5 4 4 7 	 2 	 - 1 	
5 	 1 	 2 	 1 	 1 	 1 	 9 8 	 1 4 0 	 5 4 4 7 	 2 	 9 5 	 | |
2 	 1 	 3 	 0 	 0 	 0 	 6 9 	 1 8 1 2 	 2 1 	 2 4 4 4 	 - 1 	
3 	 1 	 3 	 1 	 0 	 0 	 6 9 	 1 8 1 2 	 2 1 	 2 4 4 4 	 - 1 	
4 	 1 	 3 	 1 	 1 	 0 	 6 9 	 1 8 1 2 	 2 1 	 2 4 4 4 	 - 1 	
5 	 1 	 3 	 1 	 1 	 1 	 6 9 	 4 2 1 9 	 1 6 	 3 7 	 8 3 	 D : \ 0
5 	 1 	 3 	 1 	 1 	 2 	 6 9 	 4 0 2 3 	 2 0 	 1 8 8 	 9 1 	 W A D E A D A M S ( A L L
5 	 1 	 3 	 1 	 1 	 3 	 6 9 	 3 9 5 6 	 1 6 	 5 9 	 9 3 	 S H O P
5 	 1 	 3 	 1 	 1 	 4 	 6 9 	 3 7 4 0 	 2 0 	 2 0 7 	 9 0 	 D R A W I N G S ) \ E M - 7 4 9
5 	 1 	 3 	 1 	 1 	 5 	 7 0 	 3 6 7 7 	 1 5 	 4 8 	 9 3 	 N E W
5 	 1 	 3 	 1 	 1 	 6 	 6 9 	 3 4 8 9 	 1 6 	 1 7 9 	 9 1 	 P R O J E C T \ B L O C K
5 	 1 	 3 	 1 	 1 	 7 	 6 9 	 3 3 9 1 	 1 6 	 9 0 	 8 7 	 2 5 \ T R I A L
5 	 1 	 3 	 1 	 1 	 8 	 6 9 	 3 2 9 5 	 1 6 	 8 8 	 9 2 	 T R E N C H
5 	 1 	 3 	 1 	 1 	 9 	 6 9 	 3 1 5 5 	 1 6 	 1 3 1 	 9 2 	 V E R I C A T I O N
5 	 1 	 3 	 1 	 1 	 1 0 	 6 9 	 3 0 4 4 	 1 6 	 1 0 2 	 9 6 	 D R A W I N G
5 	 1 	 3 	 1 	 1 	 1 1 	 6 9 	 2 9 9 1 	 1 6 	 4 3 	 9 3 	 F O R
5 	 1 	 3 	 1 	 1 	 1 2 	 6 9 	 2 7 6 6 	 1 6 	 2 1 6 	 9 1 	 U P L O A D \ P R O P O S E D
5 	 1 	 3 	 1 	 1 	 1 3 	 6 9 	 2 6 9 7 	 1 6 	 6 0 	 9 3 	 R O A D
5 	 1 	 3 	 1 	 1 	 1 4 	 6 9 	 2 6 7 6 	 1 6 	 1 2 	 9 3 	 &
5 	 1 	 3 	 1 	 1 	 1 5 	 6 9 	 2 5 9 5 	 1 6 	 7 2 	 9 0 	 D U C T S
5 	 1 	 3 	 1 	 1 	 1 6 	 6 9 	 2 3 4 9 	 1 6 	 2 3 1 	 9 0 	 B L O C K - 2 5 \ P R O P O S E D
5 	 1 	 3 	 1 	 1 	 1 7 	 6 9 	 2 2 8 0 	 1 6 	 6 0 	 9 6 	 R O A D
5 	 1 	 3 	 1 	 1 	 1 8 	 6 9 	 2 2 0 0 	 1 6 	 6 6 	 9 5 	 W O R K
5 	 1 	 3 	 1 	 1 	 1 9 	 6 9 	 2 1 1 9 	 1 6 	 7 3 	 9 3 	 S C O P E
5 	 1 	 3 	 1 	 1 	 2 0 	 6 9 	 1 9 6 3 	 2 1 	 1 4 7 	 5 2 	 B L O C K - 2 5 . d w g
5 	 1 	 3 	 1 	 1 	 2 1 	 7 0 	 1 8 1 2 	 2 0 	 1 3 6 	 5 2 	 n a j e e b . n a s e e r
2 	 1 	 4 	 0 	 0 	 0 	 9 8 	 1 4 1 	 1 	 4 3 9 5 	 - 1 	
3 	 1 	 4 	 1 	 0 	 0 	 9 8 	 1 4 1 	 1 	 4 3 9 5 	 - 1 	
4 	 1 	 4 	 1 	 1 	 0 	 9 8 	 1 4 1 	 1 	 4 3 9 5 	 - 1 	
5 	 1 	 4 	 1 	 1 	 1 	 9 8 	 1 4 1 	 1 	 4 3 9 5 	 9 5 	 | |
2 	 1 	 5 	 0 	 0 	 0 	 7 0 	 4 3 4 4 	 1 5 	 1 8 8 	 - 1 	
3 	 1 	 5 	 1 	 0 	 0 	 7 0 	 4 3 4 4 	 1 5 	 1 8 8 	 - 1 	
4 	 1 	 5 	 1 	 1 	 0 	 7 0 	 4 3 4 4 	 1 5 	 1 8 8 	 - 1 	
5 	 1 	 5 	 1 	 1 	 1 	 7 0 	 4 4 3 7 	 1 5 	 9 5 	 9 4 	 9 / 2 9 / 2 0 1 9
5 	 1 	 5 	 1 	 1 	 2 	 7 0 	 4 3 8 3 	 1 5 	 3 8 	 9 4 	 1 : 5 3
5 	 1 	 5 	 1 	 1 	 3 	 7 0 	 4 3 4 4 	 1 5 	 3 0 	 9 6 	 P M
2 	 1 	 6 	 0 	 0 	 0 	 5 8 2 0 	 2 4 4 	 4 8 3 	 2 	 - 1 	
3 	 1 	 6 	 1 	 0 	 0 	 5 8 2 0 	 2 4 4 	 4 8 3 	 2 	 - 1 	
4 	 1 	 6 	 1 	 1 	 0 	 5 8 2 0 	 2 4 4 	 4 8 3 	 2 	 - 1 	
5 	 1 	 6 	 1 	 1 	 1 	 5 8 2 0 	 2 4 4 	 4 8 3 	 2 	 9 5 	 | |
2 	 1 	 7 	 0 	 0 	 0 	 5 8 2 0 	 2 8 8 	 4 8 3 	 1 	 - 1 	
3 	 1 	 7 	 1 	 0 	 0 	 5 8 2 0 	 2 8 8 	 4 8 3 	 1 	 - 1 	
4 	 1 	 7 	 1 	 1 	 0 	 5 8 2 0 	 2 8 8 	 4 8 3 	 1 	 - 1 	
5 	 1 	 7 	 1 	 1 	 1 	 5 8 2 0 	 2 8 8 	 4 8 3 	 1 	 9 5 	 | |
2 	 1 	 8 	 0 	 0 	 0 	 5 8 5 2 	 3 3 1 	 4 5 1 	 2 	 - 1 	
3 	 1 	 8 	 1 	 0 	 0 	 5 8 5 2 	 3 3 1 	 4 5 1 	 2 	 - 1 	
4 	 1 	 8 	 1 	 1 	 0 	 5 8 5 2 	 3 3 1 	 4 5 1 	 2 	 - 1 	
5 	 1 	 8 	 1 	 1 	 1 	 5 8 5 2 	 3 3 1 	 4 5 1 	 2 	 9 5 	 | |
2 	 1 	 9 	 0 	 0 	 0 	 5 8 2 0 	 3 7 5 	 4 8 3 	 1 	 - 1 	
3 	 1 	 9 	 1 	 0 	 0 	 5 8 2 0 	 3 7 5 	 4 8 3 	 1 	 - 1 	
4 	 1 	 9 	 1 	 1 	 0 	 5 8 2 0 	 3 7 5 	 4 8 3 	 1 	 - 1 	
5 	 1 	 9 	 1 	 1 	 1 	 5 8 2 0 	 3 7 5 	 4 8 3 	 1 	 9 5 	 | |
2 	 1 	 1 0 	 0 	 0 	 0 	 5 8 2 0 	 4 1 8 	 4 8 3 	 1 	 - 1 	
3 	 1 	 1 0 	 1 	 0 	 0 	 5 8 2 0 	 4 1 8 	 4 8 3 	 1 	 - 1 	
4 	 1 	 1 0 	 1 	 1 	 0 	 5 8 2 0 	 4 1 8 	 4 8 3 	 1 	 - 1 	
5 	 1 	 1 0 	 1 	 1 	 1 	 5 8 2 0 	 4 1 8 	 4 8 3 	 1 	 9 5 	 | |
2 	 1 	 1 1 	 0 	 0 	 0 	 5 8 4 9 	 4 6 1 	 4 5 4 	 2 	 - 1 	
3 	 1 	 1 1 	 1 	 0 	 0 	 5 8 4 9 	 4 6 1 	 4 5 4 	 2 	 - 1 	
4 	 1 	 1 1 	 1 	 1 	 0 	 5 8 4 9 	 4 6 1 	 4 5 4 	 2 	 - 1 	
5 	 1 	 1 1 	 1 	 1 	 1 	 5 8 4 9 	 4 6 1 	 4 5 4 	 2 	 9 5 	 | |
2 	 1 	 1 2 	 0 	 0 	 0 	 5 8 2 0 	 5 0 5 	 4 8 3 	 1 	 - 1 	
3 	 1 	 1 2 	 1 	 0 	 0 	 5 8 2 0 	 5 0 5 	 4 8 3 	 1 	 - 1 	
4 	 1 	 1 2 	 1 	 1 	 0 	 5 8 2 0 	 5 0 5 	 4 8 3 	 1 	 - 1 	
5 	 1 	 1 2 	 1 	 1 	 1 	 5 8 2 0 	 5 0 5 	 4 8 3 	 1 	 9 5 	 | |
2 	 1 	 1 3 	 0 	 0 	 0 	 5 8 2 0 	 5 4 7 	 4 8 3 	 3 	 - 1 	
3 	 1 	 1 3 	 1 	 0 	 0 	 5 8 2 0 	 5 4 7 	 4 8 3 	 3 	 - 1 	
4 	 1 	 1 3 	 1 	 1 	 0 	 5 8 2 0 	 5 4 7 	 4 8 3 	 3 	 - 1 	
5 	 1 	 1 3 	 1 	 1 	 1 	 5 8 2 0 	 5 4 7 	 4 8 3 	 3 	 9 5 	 | |
2 	 1 	 1 4 	 0 	 0 	 0 	 5 8 2 0 	 5 9 2 	 4 8 3 	 1 	 - 1 	
3 	 1 	 1 4 	 1 	 0 	 0 	 5 8 2 0 	 5 9 2 	 4 8 3 	 1 	 - 1 	
4 	 1 	 1 4 	 1 	 1 	 0 	 5 8 2 0 	 5 9 2 	 4 8 3 	 1 	 - 1 	
5 	 1 	 1 4 	 1 	 1 	 1 	 5 8 2 0 	 5 9 2 	 4 8 3 	 1 	 9 5 	 | |
2 	 1 	 1 5 	 0 	 0 	 0 	 5 8 2 0 	 6 3 5 	 4 8 3 	 1 	 - 1 	
3 	 1 	 1 5 	 1 	 0 	 0 	 5 8 2 0 	 6 3 5 	 4 8 3 	 1 	 - 1 	
4 	 1 	 1 5 	 1 	 1 	 0 	 5 8 2 0 	 6 3 5 	 4 8 3 	 1 	 - 1 	
5 	 1 	 1 5 	 1 	 1 	 1 	 5 8 2 0 	 6 3 5 	 4 8 3 	 1 	 9 5 	 | |
2 	 1 	 1 6 	 0 	 0 	 0 	 5 8 2 0 	 6 7 8 	 4 8 3 	 2 	 - 1 	
3 	 1 	 1 6 	 1 	 0 	 0 	 5 8 2 0 	 6 7 8 	 4 8 3 	 2 	 - 1 	
4 	 1 	 1 6 	 1 	 1 	 0 	 5 8 2 0 	 6 7 8 	 4 8 3 	 2 	 - 1 	
5 	 1 	 1 6 	 1 	 1 	 1 	 5 8 2 0 	 6 7 8 	 4 8 3 	 2 	 9 5 	 | |
2 	 1 	 1 7 	 0 	 0 	 0 	 5 8 2 0 	 7 2 2 	 4 8 3 	 1 	 - 1 	
3 	 1 	 1 7 	 1 	 0 	 0 	 5 8 2 0 	 7 2 2 	 4 8 3 	 1 	 - 1 	
4 	 1 	 1 7 	 1 	 1 	 0 	 5 8 2 0 	 7 2 2 	 4 8 3 	 1 	 - 1 	
5 	 1 	 1 7 	 1 	 1 	 1 	 5 8 2 0 	 7 2 2 	 4 8 3 	 1 	 9 5 	 | |
2 	 1 	 1 8 	 0 	 0 	 0 	 5 8 2 0 	 7 6 4 	 4 8 3 	 2 	 - 1 	
3 	 1 	 1 8 	 1 	 0 	 0 	 5 8 2 0 	 7 6 4 	 4 8 3 	 2 	 - 1 	
4 	 1 	 1 8 	 1 	 1 	 0 	 5 8 2 0 	 7 6 4 	 4 8 3 	 2 	 - 1 	
5 	 1 	 1 8 	 1 	 1 	 1 	 5 8 2 0 	 7 6 4 	 4 8 3 	 2 	 9 5 	 | |
2 	 1 	 1 9 	 0 	 0 	 0 	 5 8 2 0 	 8 0 9 	 4 8 3 	 1 	 - 1 	
3 	 1 	 1 9 	 1 	 0 	 0 	 5 8 2 0 	 8 0 9 	 4 8 3 	 1 	 - 1 	
4 	 1 	 1 9 	 1 	 1 	 0 	 5 8 2 0 	 8 0 9 	 4 8 3 	 1 	 - 1 	
5 	 1 	 1 9 	 1 	 1 	 1 	 5 8 2 0 	 8 0 9 	 4 8 3 	 1 	 9 5 	 | |
2 	 1 	 2 0 	 0 	 0 	 0 	 5 8 2 0 	 8 5 2 	 4 8 3 	 1 	 - 1 	
3 	 1 	 2 0 	 1 	 0 	 0 	 5 8 2 0 	 8 5 2 	 4 8 3 	 1 	 - 1 	
4 	 1 	 2 0 	 1 	 1 	 0 	 5 8 2 0 	 8 5 2 	 4 8 3 	 1 	 - 1 	
5 	 1 	 2 0 	 1 	 1 	 1 	 5 8 2 0 	 8 5 2 	 4 8 3 	 1 	 9 5 	 | |
2 	 1 	 2 1 	 0 	 0 	 0 	 5 8 2 0 	 8 9 5 	 4 8 3 	 2 	 - 1 	
3 	 1 	 2 1 	 1 	 0 	 0 	 5 8 2 0 	 8 9 5 	 4 8 3 	 2 	 - 1 	
4 	 1 	 2 1 	 1 	 1 	 0 	 5 8 2 0 	 8 9 5 	 4 8 3 	 2 	 - 1 	
5 	 1 	 2 1 	 1 	 1 	 1 	 5 8 2 0 	 8 9 5 	 4 8 3 	 2 	 9 5 	 | |
2 	 1 	 2 2 	 0 	 0 	 0 	 5 8 2 0 	 9 3 9 	 4 8 3 	 1 	 - 1 	
3 	 1 	 2 2 	 1 	 0 	 0 	 5 8 2 0 	 9 3 9 	 4 8 3 	 1 	 - 1 	
4 	 1 	 2 2 	 1 	 1 	 0 	 5 8 2 0 	 9 3 9 	 4 8 3 	 1 	 - 1 	
5 	 1 	 2 2 	 1 	 1 	 1 	 5 8 2 0 	 9 3 9 	 4 8 3 	 1 	 9 5 	 | |
2 	 1 	 2 3 	 0 	 0 	 0 	 5 8 2 0 	 9 8 2 	 4 8 3 	 2 	 - 1 	
3 	 1 	 2 3 	 1 	 0 	 0 	 5 8 2 0 	 9 8 2 	 4 8 3 	 2 	 - 1 	
4 	 1 	 2 3 	 1 	 1 	 0 	 5 8 2 0 	 9 8 2 	 4 8 3 	 2 	 - 1 	
5 	 1 	 2 3 	 1 	 1 	 1 	 5 8 2 0 	 9 8 2 	 4 8 3 	 2 	 9 5 	 | |
2 	 1 	 2 4 	 0 	 0 	 0 	 5 8 7 2 	 2 0 3 	 1 	 8 2 2 	 - 1 	
3 	 1 	 2 4 	 1 	 0 	 0 	 5 8 7 2 	 2 0 3 	 1 	 8 2 2 	 - 1 	
4 	 1 	 2 4 	 1 	 1 	 0 	 5 8 7 2 	 2 0 3 	 1 	 8 2 2 	 - 1 	
5 	 1 	 2 4 	 1 	 1 	 1 	 5 8 7 2 	 2 0 3 	 1 	 8 2 2 	 9 5 	 | |
2 	 1 	 2 5 	 0 	 0 	 0 	 5 9 2 6 	 2 0 3 	 1 	 8 2 1 	 - 1 	
3 	 1 	 2 5 	 1 	 0 	 0 	 5 9 2 6 	 2 0 3 	 1 	 8 2 1 	 - 1 	
4 	 1 	 2 5 	 1 	 1 	 0 	 5 9 2 6 	 2 0 3 	 1 	 8 2 1 	 - 1 	
5 	 1 	 2 5 	 1 	 1 	 1 	 5 9 2 6 	 2 0 3 	 1 	 8 2 1 	 9 5 	 | |
2 	 1 	 2 6 	 0 	 0 	 0 	 5 9 8 0 	 2 0 3 	 1 	 8 2 2 	 - 1 	
3 	 1 	 2 6 	 1 	 0 	 0 	 5 9 8 0 	 2 0 3 	 1 	 8 2 2 	 - 1 	
4 	 1 	 2 6 	 1 	 1 	 0 	 5 9 8 0 	 2 0 3 	 1 	 8 2 2 	 - 1 	
5 	 1 	 2 6 	 1 	 1 	 1 	 5 9 8 0 	 2 0 3 	 1 	 8 2 2 	 9 5 	 | |
2 	 1 	 2 7 	 0 	 0 	 0 	 6 0 3 4 	 2 0 3 	 1 	 8 2 1 	 - 1 	
3 	 1 	 2 7 	 1 	 0 	 0 	 6 0 3 4 	 2 0 3 	 1 	 8 2 1 	 - 1 	
4 	 1 	 2 7 	 1 	 1 	 0 	 6 0 3 4 	 2 0 3 	 1 	 8 2 1 	 - 1 	
5 	 1 	 2 7 	 1 	 1 	 1 	 6 0 3 4 	 2 0 3 	 1 	 8 2 1 	 9 5 	 | |
2 	 1 	 2 8 	 0 	 0 	 0 	 6 0 8 8 	 2 0 3 	 1 	 8 2 2 	 - 1 	
3 	 1 	 2 8 	 1 	 0 	 0 	 6 0 8 8 	 2 0 3 	 1 	 8 2 2 	 - 1 	
4 	 1 	 2 8 	 1 	 1 	 0 	 6 0 8 8 	 2 0 3 	 1 	 8 2 2 	 - 1 	
5 	 1 	 2 8 	 1 	 1 	 1 	 6 0 8 8 	 2 0 3 	 1 	 8 2 2 	 9 5 	 | |
2 	 1 	 2 9 	 0 	 0 	 0 	 6 1 4 2 	 2 0 3 	 1 	 8 2 2 	 - 1 	
3 	 1 	 2 9 	 1 	 0 	 0 	 6 1 4 2 	 2 0 3 	 1 	 8 2 2 	 - 1 	
4 	 1 	 2 9 	 1 	 1 	 0 	 6 1 4 2 	 2 0 3 	 1 	 8 2 2 	 - 1 	
5 	 1 	 2 9 	 1 	 1 	 1 	 6 1 4 2 	 2 0 3 	 1 	 8 2 2 	 9 5 	 | |
2 	 1 	 3 0 	 0 	 0 	 0 	 6 1 9 6 	 2 0 3 	 1 	 8 2 1 	 - 1 	
3 	 1 	 3 0 	 1 	 0 	 0 	 6 1 9 6 	 2 0 3 	 1 	 8 2 1 	 - 1 	
4 	 1 	 3 0 	 1 	 1 	 0 	 6 1 9 6 	 2 0 3 	 1 	 8 2 1 	 - 1 	
5 	 1 	 3 0 	 1 	 1 	 1 	 6 1 9 6 	 2 0 3 	 1 	 8 2 1 	 9 5 	 | |
2 	 1 	 3 1 	 0 	 0 	 0 	 6 2 5 0 	 2 0 3 	 2 	 8 2 2 	 - 1 	
3 	 1 	 3 1 	 1 	 0 	 0 	 6 2 5 0 	 2 0 3 	 2 	 8 2 2 	 - 1 	
4 	 1 	 3 1 	 1 	 1 	 0 	 6 2 5 0 	 2 0 3 	 2 	 8 2 2 	 - 1 	
5 	 1 	 3 1 	 1 	 1 	 1 	 6 2 5 0 	 2 0 3 	 2 	 8 2 2 	 9 5 	 | |
2 	 1 	 3 2 	 0 	 0 	 0 	 1 9 7 2 	 1 3 0 0 	 5 	 8 1 	 - 1 	
3 	 1 	 3 2 	 1 	 0 	 0 	 1 9 7 2 	 1 3 0 0 	 5 	 8 1 	 - 1 	
4 	 1 	 3 2 	 1 	 1 	 0 	 1 9 7 2 	 1 3 0 0 	 5 	 8 1 	 - 1 	
5 	 1 	 3 2 	 1 	 1 	 1 	 1 9 7 2 	 1 3 0 0 	 5 	 8 1 	 9 5 	 | |
2 	 1 	 3 3 	 0 	 0 	 0 	 1 7 9 2 	 1 5 2 2 	 7 8 	 4 	 - 1 	
3 	 1 	 3 3 	 1 	 0 	 0 	 1 7 9 2 	 1 5 2 2 	 7 8 	 4 	 - 1 	
4 	 1 	 3 3 	 1 	 1 	 0 	 1 7 9 2 	 1 5 2 2 	 7 8 	 4 	 - 1 	
5 	 1 	 3 3 	 1 	 1 	 1 	 1 7 9 2 	 1 5 2 2 	 7 8 	 4 	 9 5 	 | |
2 	 1 	 3 4 	 0 	 0 	 0 	 3 8 2 7 	 1 5 3 1 	 9 5 	 2 	 - 1 	
3 	 1 	 3 4 	 1 	 0 	 0 	 3 8 2 7 	 1 5 3 1 	 9 5 	 2 	 - 1 	
4 	 1 	 3 4 	 1 	 1 	 0 	 3 8 2 7 	 1 5 3 1 	 9 5 	 2 	 - 1 	
5 	 1 	 3 4 	 1 	 1 	 1 	 3 8 2 7 	 1 5 3 1 	 9 5 	 2 	 9 5 	 | |
2 	 1 	 3 5 	 0 	 0 	 0 	 3 8 2 7 	 1 5 3 1 	 2 	 3 6 	 - 1 	
3 	 1 	 3 5 	 1 	 0 	 0 	 3 8 2 7 	 1 5 3 1 	 2 	 3 6 	 - 1 	
4 	 1 	 3 5 	 1 	 1 	 0 	 3 8 2 7 	 1 5 3 1 	 2 	 3 6 	 - 1 	
5 	 1 	 3 5 	 1 	 1 	 1 	 3 8 2 7 	 1 5 3 1 	 2 	 3 6 	 9 5 	 | |
2 	 1 	 3 6 	 0 	 0 	 0 	 3 9 2 0 	 1 5 3 1 	 2 	 3 6 	 - 1 	
3 	 1 	 3 6 	 1 	 0 	 0 	 3 9 2 0 	 1 5 3 1 	 2 	 3 6 	 - 1 	
4 	 1 	 3 6 	 1 	 1 	 0 	 3 9 2 0 	 1 5 3 1 	 2 	 3 6 	 - 1 	
5 	 1 	 3 6 	 1 	 1 	 1 	 3 9 2 0 	 1 5 3 1 	 2 	 3 6 	 9 5 	 | |
2 	 1 	 3 7 	 0 	 0 	 0 	 3 8 2 7 	 1 5 6 5 	 9 5 	 2 	 - 1 	
3 	 1 	 3 7 	 1 	 0 	 0 	 3 8 2 7 	 1 5 6 5 	 9 5 	 2 	 - 1 	
4 	 1 	 3 7 	 1 	 1 	 0 	 3 8 2 7 	 1 5 6 5 	 9 5 	 2 	 - 1 	
5 	 1 	 3 7 	 1 	 1 	 1 	 3 8 2 7 	 1 5 6 5 	 9 5 	 2 	 9 5 	 | |
2 	 1 	 3 8 	 0 	 0 	 0 	 3 2 2 1 	 1 9 0 1 	 1 7 6 8 	 1 	 - 1 	
3 	 1 	 3 8 	 1 	 0 	 0 	 3 2 2 1 	 1 9 0 1 	 1 7 6 8 	 1 	 - 1 	
4 	 1 	 3 8 	 1 	 1 	 0 	 3 2 2 1 	 1 9 0 1 	 1 7 6 8 	 1 	 - 1 	
5 	 1 	 3 8 	 1 	 1 	 1 	 3 2 2 1 	 1 9 0 1 	 1 7 6 8 	 1 	 9 5 	 | |
2 	 1 	 3 9 	 0 	 0 	 0 	 3 9 4 4 	 2 1 5 4 	 9 6 6 	 3 	 - 1 	
3 	 1 	 3 9 	 1 	 0 	 0 	 3 9 4 4 	 2 1 5 4 	 9 6 6 	 3 	 - 1 	
4 	 1 	 3 9 	 1 	 1 	 0 	 3 9 4 4 	 2 1 5 4 	 9 6 6 	 3 	 - 1 	
5 	 1 	 3 9 	 1 	 1 	 1 	 3 9 4 4 	 2 1 5 4 	 9 6 6 	 3 	 9 5 	 | |
2 	 1 	 4 0 	 0 	 0 	 0 	 4 4 0 7 	 2 1 5 6 	 5 0 3 	 1 	 - 1 	
3 	 1 	 4 0 	 1 	 0 	 0 	 4 4 0 7 	 2 1 5 6 	 5 0 3 	 1 	 - 1 	
4 	 1 	 4 0 	 1 	 1 	 0 	 4 4 0 7 	 2 1 5 6 	 5 0 3 	 1 	 - 1 	
5 	 1 	 4 0 	 1 	 1 	 1 	 4 4 0 7 	 2 1 5 6 	 5 0 3 	 1 	 9 5 	 | |
2 	 1 	 4 1 	 0 	 0 	 0 	 3 2 2 1 	 1 9 0 1 	 1 	 1 0 9 1 	 - 1 	
3 	 1 	 4 1 	 1 	 0 	 0 	 3 2 2 1 	 1 9 0 1 	 1 	 1 0 9 1 	 - 1 	
4 	 1 	 4 1 	 1 	 1 	 0 	 3 2 2 1 	 1 9 0 1 	 1 	 1 0 9 1 	 - 1 	
5 	 1 	 4 1 	 1 	 1 	 1 	 3 2 2 1 	 1 9 0 1 	 1 	 1 0 9 1 	 9 5 	 | |
2 	 1 	 4 2 	 0 	 0 	 0 	 4 9 8 8 	 1 9 0 1 	 1 	 1 0 9 1 	 - 1 	
3 	 1 	 4 2 	 1 	 0 	 0 	 4 9 8 8 	 1 9 0 1 	 1 	 1 0 9 1 	 - 1 	
4 	 1 	 4 2 	 1 	 1 	 0 	 4 9 8 8 	 1 9 0 1 	 1 	 1 0 9 1 	 - 1 	
5 	 1 	 4 2 	 1 	 1 	 1 	 4 9 8 8 	 1 9 0 1 	 1 	 1 0 9 1 	 9 5 	 | |
2 	 1 	 4 3 	 0 	 0 	 0 	 3 2 2 1 	 2 9 9 1 	 1 7 6 8 	 1 	 - 1 	
3 	 1 	 4 3 	 1 	 0 	 0 	 3 2 2 1 	 2 9 9 1 	 1 7 6 8 	 1 	 - 1 	
4 	 1 	 4 3 	 1 	 1 	 0 	 3 2 2 1 	 2 9 9 1 	 1 7 6 8 	 1 	 - 1 	
5 	 1 	 4 3 	 1 	 1 	 1 	 3 2 2 1 	 2 9 9 1 	 1 7 6 8 	 1 	 9 5 	 | |
2 	 1 	 4 4 	 0 	 0 	 0 	 1 8 6 1 	 1 5 9 7 	 1 	 1 6 7 5 	 - 1 	
3 	 1 	 4 4 	 1 	 0 	 0 	 1 8 6 1 	 1 5 9 7 	 1 	 1 6 7 5 	 - 1 	
4 	 1 	 4 4 	 1 	 1 	 0 	 1 8 6 1 	 1 5 9 7 	 1 	 1 6 7 5 	 - 1 	
5 	 1 	 4 4 	 1 	 1 	 1 	 1 8 6 1 	 1 5 9 7 	 1 	 1 6 7 5 	 9 5 	 | |
2 	 1 	 4 5 	 0 	 0 	 0 	 1 7 9 7 	 1 6 4 9 	 1 	 1 6 0 7 	 - 1 	
3 	 1 	 4 5 	 1 	 0 	 0 	 1 7 9 7 	 1 6 4 9 	 1 	 1 6 0 7 	 - 1 	
4 	 1 	 4 5 	 1 	 1 	 0 	 1 7 9 7 	 1 6 4 9 	 1 	 1 6 0 7 	 - 1 	
5 	 1 	 4 5 	 1 	 1 	 1 	 1 7 9 7 	 1 6 4 9 	 1 	 1 6 0 7 	 9 5 	 | |
2 	 1 	 4 6 	 0 	 0 	 0 	 3 8 9 	 1 5 6 	 6 1 1 2 	 4 3 7 3 	 - 1 	
3 	 1 	 4 6 	 1 	 0 	 0 	 3 8 9 	 1 5 6 	 6 1 1 2 	 4 3 7 3 	 - 1 	
4 	 1 	 4 6 	 1 	 1 	 0 	 5 6 2 6 	 1 5 6 	 1 8 1 	 2 8 	 - 1 	
5 	 1 	 4 6 	 1 	 1 	 1 	 5 6 2 6 	 1 5 6 	 7 4 	 2 8 	 9 6 	 K E Y
5 	 1 	 4 6 	 1 	 1 	 2 	 5 7 1 3 	 1 5 6 	 9 4 	 2 8 	 9 6 	 P L A N
4 	 1 	 4 6 	 1 	 2 	 0 	 1 6 6 9 	 2 1 0 	 2 2 0 	 5 1 	 - 1 	
5 	 1 	 4 6 	 1 	 2 	 1 	 1 6 6 9 	 2 1 0 	 7 7 	 4 6 	 5 2 	 w t
5 	 1 	 4 6 	 1 	 2 	 2 	 1 7 8 6 	 2 2 6 	 1 6 	 3 5 	 4 2 	 2
5 	 1 	 4 6 	 1 	 2 	 3 	 1 8 1 1 	 2 1 9 	 7 8 	 3 9 	 4 6 	 M i n n y
4 	 1 	 4 6 	 1 	 3 	 0 	 1 7 8 6 	 2 5 8 	 7 9 	 2 6 	 - 1 	
5 	 1 	 4 6 	 1 	 3 	 1 	 1 7 8 6 	 2 6 2 	 1 6 	 2 2 	 7 9 	 3
5 	 1 	 4 6 	 1 	 3 	 2 	 1 8 2 6 	 2 5 8 	 3 9 	 1 2 	 1 2 	 T o t e n )
4 	 1 	 4 6 	 1 	 4 	 0 	 1 7 8 6 	 3 7 8 	 1 6 	 3 2 	 - 1 	
5 	 1 	 4 6 	 1 	 4 	 1 	 1 7 8 6 	 3 7 8 	 1 6 	 3 2 	 6 3 	 =
4 	 1 	 4 6 	 1 	 5 	 0 	 1 7 8 6 	 4 1 4 	 1 6 	 2 2 	 - 1 	
5 	 1 	 4 6 	 1 	 5 	 1 	 1 7 8 6 	 4 1 4 	 1 6 	 2 2 	 8 6 	 8
4 	 1 	 4 6 	 1 	 6 	 0 	 5 2 8 7 	 4 9 6 	 8 1 	 1 5 	 - 1 	
5 	 1 	 4 6 	 1 	 6 	 1 	 5 2 8 7 	 4 9 6 	 8 1 	 1 5 	 9 6 	 5 3 1 0 9 1 5
4 	 1 	 4 6 	 1 	 7 	 0 	 5 0 4 	 5 2 9 	 4 1 5 2 	 3 2 	 - 1 	
5 	 1 	 4 6 	 1 	 7 	 1 	 5 0 4 	 5 4 1 	 8 1 	 1 5 	 9 5 	 5 3 1 0 9 5 0
5 	 1 	 4 6 	 1 	 7 	 2 	 1 7 8 7 	 5 2 9 	 1 5 	 3 2 	 4 2 	 g
5 	 1 	 4 6 	 1 	 7 	 3 	 3 2 1 3 	 5 3 0 	 8 0 	 1 5 	 8 9 	 5 3 1 0 2 5 5
5 	 1 	 4 6 	 1 	 7 	 4 	 3 8 9 5 	 5 3 0 	 8 0 	 1 5 	 9 3 	 5 3 1 0 2 5 4
5 	 1 	 4 6 	 1 	 7 	 5 	 4 5 7 6 	 5 3 0 	 8 0 	 1 5 	 8 7 	 5 3 1 0 2 5 3
4 	 1 	 4 6 	 1 	 8 	 0 	 5 7 6 	 5 6 1 	 4 8 8 1 	 4 0 	 - 1 	
5 	 1 	 4 6 	 1 	 8 	 1 	 5 7 6 	 5 6 8 	 8 9 	 1 5 	 5 1 	 D 1 . 2 4 . 0 2 5
5 	 1 	 4 6 	 1 	 8 	 2 	 1 7 8 7 	 5 6 5 	 1 5 	 2 3 	 3 8 	 &
5 	 1 	 4 6 	 1 	 8 	 3 	 2 4 4 1 	 5 6 1 	 3 9 	 4 0 	 1 1 	 D E S
5 	 1 	 4 6 	 1 	 8 	 4 	 2 4 8 7 	 5 6 1 	 5 4 	 4 0 	 1 1 	 A R K
5 	 1 	 4 6 	 1 	 8 	 5 	 3 2 0 0 	 5 8 3 	 1 0 4 	 1 5 	 8 9 	 D I P . 2 5 . 0 1 6
5 	 1 	 4 6 	 1 	 8 	 6 	 3 9 1 8 	 5 8 5 	 1 0 3 	 1 5 	 8 0 	 D I P . 2 5 . 0 1 5
5 	 1 	 4 6 	 1 	 8 	 7 	 4 5 9 2 	 5 7 8 	 1 0 4 	 1 5 	 8 7 	 D I P . 2 5 . 0 1 4
5 	 1 	 4 6 	 1 	 8 	 8 	 5 3 5 4 	 5 7 9 	 1 0 3 	 1 6 	 9 0 	 D I P . 2 5 . 0 1 3
4 	 1 	 4 6 	 1 	 9 	 0 	 4 9 5 	 6 7 6 	 4 4 1 2 	 8 8 	 - 1 	
5 	 1 	 4 6 	 1 	 9 	 1 	 4 9 5 	 6 7 6 	 4 6 	 6 2 	 1 3 	 e
5 	 1 	 4 6 	 1 	 9 	 2 	 5 6 9 	 6 7 7 	 2 7 9 	 6 3 	 9 5 	 4 7 3 3 8 9
5 	 1 	 4 6 	 1 	 9 	 3 	 8 7 8 	 6 7 8 	 1 3 4 	 6 2 	 9 6 	 5 5 0
5 	 1 	 4 6 	 1 	 9 	 4 	 1 2 2 4 	 6 8 4 	 4 9 0 	 8 0 	 2 7 	 e e e
5 	 1 	 4 6 	 1 	 9 	 5 	 1 8 2 6 	 6 8 1 	 2 0 3 	 3 2 	 2 6 	 e e e
5 	 1 	 4 6 	 1 	 9 	 6 	 2 0 5 2 	 6 8 4 	 5 8 	 1 8 	 3 3 	 e e
5 	 1 	 4 6 	 1 	 9 	 7 	 2 1 3 4 	 6 8 4 	 7 3 	 1 8 	 3 6 	 e e
5 	 1 	 4 6 	 1 	 9 	 8 	 2 2 2 2 	 6 8 4 	 1 1 4 	 1 8 	 3 1 	 e e e
5 	 1 	 4 6 	 1 	 9 	 9 	 2 3 5 3 	 6 8 4 	 7 2 	 1 8 	 3 1 	 e e
5 	 1 	 4 6 	 1 	 9 	 1 0 	 2 4 4 0 	 6 8 4 	 7 3 	 1 8 	 3 5 	 e e
5 	 1 	 4 6 	 1 	 9 	 1 1 	 2 5 2 9 	 6 8 4 	 1 1 4 	 1 8 	 3 2 	 e e e
5 	 1 	 4 6 	 1 	 9 	 1 2 	 2 6 5 9 	 6 8 4 	 7 3 	 1 8 	 3 2 	 e e
5 	 1 	 4 6 	 1 	 9 	 1 3 	 2 7 4 7 	 6 8 4 	 1 1 6 	 1 8 	 3 1 	 e e e
5 	 1 	 4 6 	 1 	 9 	 1 4 	 2 9 1 7 	 6 8 4 	 1 2 1 	 1 8 	 3 1 	 e e e
5 	 1 	 4 6 	 1 	 9 	 1 5 	 3 0 5 4 	 6 8 4 	 1 1 5 	 1 8 	 3 4 	 e e e
5 	 1 	 4 6 	 1 	 9 	 1 6 	 3 1 8 4 	 6 8 4 	 7 3 	 1 8 	 3 7 	 e e
5 	 1 	 4 6 	 1 	 9 	 1 7 	 3 2 7 3 	 6 8 4 	 1 1 4 	 1 8 	 3 7 	 e e e
5 	 1 	 4 6 	 1 	 9 	 1 8 	 3 4 0 3 	 6 8 4 	 7 3 	 1 8 	 3 8 	 e e
5 	 1 	 4 6 	 1 	 9 	 1 9 	 3 4 9 1 	 6 8 4 	 1 6 0 	 1 8 	 2 8 	 e e e
5 	 1 	 4 6 	 1 	 9 	 2 0 	 3 7 0 9 	 6 8 4 	 1 1 7 	 1 8 	 3 5 	 e e e
5 	 1 	 4 6 	 1 	 9 	 2 1 	 3 8 4 7 	 6 8 4 	 1 1 0 	 1 8 	 3 2 	 e e e
5 	 1 	 4 6 	 1 	 9 	 2 2 	 4 0 1 6 	 6 8 4 	 1 1 5 	 1 8 	 3 4 	 e e e
5 	 1 	 4 6 	 1 	 9 	 2 3 	 4 1 4 7 	 6 8 4 	 7 2 	 1 8 	 3 5 	 e e
5 	 1 	 4 6 	 1 	 9 	 2 4 	 4 2 3 5 	 6 8 4 	 7 2 	 1 8 	 3 1 	 e e
5 	 1 	 4 6 	 1 	 9 	 2 5 	 4 3 2 4 	 6 8 4 	 1 1 4 	 1 8 	 3 1 	 e e e
5 	 1 	 4 6 	 1 	 9 	 2 6 	 4 4 5 4 	 6 8 4 	 7 2 	 1 8 	 3 6 	 e e
5 	 1 	 4 6 	 1 	 9 	 2 7 	 4 5 4 2 	 6 8 4 	 3 6 5 	 1 8 	 2 2 	 e e e
4 	 1 	 4 6 	 1 	 1 0 	 0 	 8 5 8 	 7 1 7 	 4 3 2 4 	 2 9 	 - 1 	
5 	 1 	 4 6 	 1 	 1 0 	 1 	 8 5 8 	 7 3 0 	 1 0 	 9 	 6 8 	 .
5 	 1 	 4 6 	 1 	 1 0 	 2 	 1 7 8 6 	 7 1 7 	 1 6 	 2 2 	 8 2 	 g
5 	 1 	 4 6 	 1 	 1 0 	 3 	 5 1 6 4 	 7 1 8 	 1 8 	 2 8 	 8 1 	 i
4 	 1 	 4 6 	 1 	 1 1 	 0 	 1 2 9 3 	 7 5 2 	 3 8 8 9 	 3 8 	 - 1 	
5 	 1 	 4 6 	 1 	 1 1 	 1 	 1 2 9 3 	 7 5 2 	 1 8 	 2 8 	 2 	 N
5 	 1 	 4 6 	 1 	 1 1 	 2 	 5 1 6 4 	 7 6 1 	 1 8 	 2 9 	 3 2 	 i
4 	 1 	 4 6 	 1 	 1 2 	 0 	 4 4 2 	 7 7 7 	 4 7 4 0 	 8 3 	 - 1 	
5 	 1 	 4 6 	 1 	 1 2 	 1 	 4 4 2 	 7 7 7 	 4 8 	 6 2 	 8 7 	 N
5 	 1 	 4 6 	 1 	 1 2 	 2 	 5 2 3 	 7 7 8 	 4 8 9 	 6 4 	 8 7 	 2 7 5 1 0 4 3 . 1 6 5
5 	 1 	 4 6 	 1 	 1 2 	 3 	 1 2 9 3 	 7 9 5 	 1 8 	 2 9 	 3 9 	 a
5 	 1 	 4 6 	 1 	 1 2 	 4 	 1 7 8 6 	 8 3 3 	 1 6 	 1 0 	 0 	 :
5 	 1 	 4 6 	 1 	 1 2 	 5 	 4 2 5 8 	 7 9 6 	 4 7 	 6 2 	 8 5 	 E
5 	 1 	 4 6 	 1 	 1 2 	 6 	 4 3 3 3 	 7 9 7 	 4 4 3 	 6 3 	 8 5 	 4 7 3 9 1 1 . 3 2 4
5 	 1 	 4 6 	 1 	 1 2 	 7 	 5 1 6 4 	 8 0 5 	 1 8 	 2 9 	 2 2 	 :
4 	 1 	 4 6 	 1 	 1 3 	 0 	 1 7 8 9 	 8 4 4 	 1 1 	 1 1 	 - 1 	
5 	 1 	 4 6 	 1 	 1 3 	 1 	 1 7 8 9 	 8 4 4 	 1 1 	 1 1 	 9 5 	 +
4 	 1 	 4 6 	 1 	 1 4 	 0 	 5 1 6 4 	 8 9 3 	 1 8 	 2 8 	 - 1 	
5 	 1 	 4 6 	 1 	 1 4 	 1 	 5 1 6 4 	 8 9 3 	 1 8 	 2 8 	 3 4 	 a
4 	 1 	 4 6 	 1 	 1 5 	 0 	 4 2 0 6 	 8 9 7 	 9 7 6 	 6 8 	 - 1 	
5 	 1 	 4 6 	 1 	 1 5 	 1 	 4 2 0 6 	 8 9 7 	 4 8 	 6 2 	 8 6 	 N
5 	 1 	 4 6 	 1 	 1 5 	 2 	 4 2 8 7 	 8 9 7 	 4 8 9 	 6 4 	 8 6 	 2 7 5 1 4 1 0 . 9 3 5
5 	 1 	 4 6 	 1 	 1 5 	 3 	 5 1 6 4 	 9 3 6 	 1 8 	 2 9 	 2 7 	 a
4 	 1 	 4 6 	 1 	 1 6 	 0 	 1 7 8 6 	 9 8 4 	 1 5 	 1 1 	 - 1 	
5 	 1 	 4 6 	 1 	 1 6 	 1 	 1 7 8 6 	 9 8 4 	 1 5 	 1 1 	 3 2 	 o O
4 	 1 	 4 6 	 1 	 1 7 	 0 	 1 2 9 3 	 9 8 0 	 3 8 8 9 	 7 2 	 - 1 	
5 	 1 	 4 6 	 1 	 1 7 	 1 	 1 2 9 3 	 1 0 1 4 	 1 8 	 2 9 	 1 9 	 I
5 	 1 	 4 6 	 1 	 1 7 	 2 	 1 5 0 0 	 1 0 0 3 	 1 9 	 2 5 	 8 8 	 E
5 	 1 	 4 6 	 1 	 1 7 	 3 	 1 5 3 0 	 1 0 0 3 	 1 7 7 	 2 6 	 8 8 	 4 7 3 4 6 0 . 3 9 0
5 	 1 	 4 6 	 1 	 1 7 	 4 	 1 7 8 6 	 9 9 6 	 1 6 	 4 6 	 4 3 	 8
5 	 1 	 4 6 	 1 	 1 7 	 5 	 5 1 6 4 	 9 8 0 	 1 8 	 7 2 	 9 	 :
4 	 1 	 4 6 	 1 	 1 8 	 0 	 1 2 9 3 	 1 0 4 4 	 3 8 8 9 	 5 2 	 - 1 	
5 	 1 	 4 6 	 1 	 1 8 	 1 	 1 2 9 3 	 1 0 5 8 	 1 8 	 2 8 	 8 2 	 a
5 	 1 	 4 6 	 1 	 1 8 	 2 	 1 4 7 9 	 1 0 4 4 	 2 0 	 2 5 	 8 9 	 N
5 	 1 	 4 6 	 1 	 1 8 	 3 	 1 5 1 1 	 1 0 4 4 	 1 9 6 	 2 6 	 8 9 	 2 7 5 0 9 6 9 . 5 5 7
5 	 1 	 4 6 	 1 	 1 8 	 4 	 5 1 6 4 	 1 0 6 8 	 1 8 	 2 8 	 5 1 	 8
4 	 1 	 4 6 	 1 	 1 9 	 0 	 1 2 9 3 	 1 1 0 2 	 5 2 0 8 	 4 8 	 - 1 	
5 	 1 	 4 6 	 1 	 1 9 	 1 	 1 2 9 3 	 1 1 0 2 	 1 8 	 2 8 	 1 9 	 a
5 	 1 	 4 6 	 1 	 1 9 	 2 	 4 3 4 6 	 1 1 0 2 	 1 8 	 2 5 	 7 5 	 E
5 	 1 	 4 6 	 1 	 1 9 	 3 	 4 3 7 6 	 1 1 0 2 	 1 7 7 	 2 6 	 7 5 	 4 7 3 8 3 9 . 9 1 7
5 	 1 	 4 6 	 1 	 1 9 	 4 	 5 1 6 4 	 1 1 1 2 	 1 8 	 2 8 	 6 6 	 i
5 	 1 	 4 6 	 1 	 1 9 	 5 	 5 6 2 8 	 1 1 2 9 	 8 	 2 1 	 9 5 	 1 .
5 	 1 	 4 6 	 1 	 1 9 	 6 	 5 6 5 6 	 1 1 2 9 	 4 7 	 2 1 	 9 5 	 A L L
5 	 1 	 4 6 	 1 	 1 9 	 7 	 5 7 1 4 	 1 1 2 9 	 1 6 9 	 2 1 	 9 6 	 D I M E N S I O N S
5 	 1 	 4 6 	 1 	 1 9 	 8 	 5 8 9 2 	 1 1 3 0 	 5 5 	 2 0 	 9 5 	 A R E
5 	 1 	 4 6 	 1 	 1 9 	 9 	 5 9 5 8 	 1 1 2 9 	 2 3 	 2 1 	 9 5 	 I N
5 	 1 	 4 6 	 1 	 1 9 	 1 0 	 5 9 9 2 	 1 1 2 9 	 1 1 1 	 2 1 	 9 6 	 M E T E R S
5 	 1 	 4 6 	 1 	 1 9 	 1 1 	 6 1 1 4 	 1 1 2 9 	 1 0 6 	 2 1 	 9 5 	 U N L E S S
5 	 1 	 4 6 	 1 	 1 9 	 1 2 	 6 2 3 0 	 1 1 2 9 	 9 3 	 2 1 	 9 5 	 O T H E R
5 	 1 	 4 6 	 1 	 1 9 	 1 3 	 6 3 3 1 	 1 1 2 9 	 6 8 	 2 1 	 9 6 	 W I S E
5 	 1 	 4 6 	 1 	 1 9 	 1 4 	 6 4 0 9 	 1 1 2 9 	 9 2 	 2 1 	 9 6 	 N O T E D
4 	 1 	 4 6 	 1 	 2 0 	 0 	 1 2 9 3 	 1 1 3 6 	 4 3 5 3 	 4 8 	 - 1 	
5 	 1 	 4 6 	 1 	 2 0 	 1 	 1 2 9 3 	 1 1 4 6 	 1 8 	 2 8 	 9 4 	 =
5 	 1 	 4 6 	 1 	 2 0 	 2 	 1 7 8 6 	 1 1 3 6 	 1 6 	 4 6 	 4 5 	 g
5 	 1 	 4 6 	 1 	 2 0 	 3 	 4 3 2 5 	 1 1 4 2 	 2 0 	 2 5 	 8 6 	 N
5 	 1 	 4 6 	 1 	 2 0 	 4 	 4 3 5 7 	 1 1 4 2 	 1 9 6 	 2 6 	 8 6 	 2 7 5 1 2 3 4 . 0 8 6
5 	 1 	 4 6 	 1 	 2 0 	 5 	 5 1 6 4 	 1 1 5 5 	 1 8 	 2 9 	 6 2 	 a
5 	 1 	 4 6 	 1 	 2 0 	 6 	 5 6 4 2 	 1 1 4 6 	 4 	 4 	 4 	 ,
4 	 1 	 4 6 	 1 	 2 1 	 0 	 1 2 8 9 	 1 1 8 0 	 3 8 9 3 	 5 0 	 - 1 	
5 	 1 	 4 6 	 1 	 2 1 	 1 	 1 2 8 9 	 1 1 8 0 	 2 2 	 5 0 	 4 9 	 a u
5 	 1 	 4 6 	 1 	 2 1 	 2 	 1 7 8 7 	 1 1 8 4 	 1 5 	 1 0 	 0 	 °
5 	 1 	 4 6 	 1 	 2 1 	 3 	 5 1 6 4 	 1 1 9 9 	 1 8 	 2 9 	 4 8 	 a
4 	 1 	 4 6 	 1 	 2 2 	 0 	 1 2 9 3 	 1 2 1 9 	 4 5 4 6 	 8 5 	 - 1 	
5 	 1 	 4 6 	 1 	 2 2 	 1 	 1 2 9 3 	 1 2 3 3 	 1 8 	 2 9 	 2 8 	 :
5 	 1 	 4 6 	 1 	 2 2 	 2 	 1 3 9 3 	 1 2 3 1 	 3 4 	 7 3 	 5 	 f
5 	 1 	 4 6 	 1 	 2 2 	 3 	 4 1 6 8 	 1 2 2 9 	 3 4 	 2 5 	 5 5 	 +
5 	 1 	 4 6 	 1 	 2 2 	 4 	 5 1 6 4 	 1 2 4 3 	 1 8 	 2 9 	 1 4 	 -
5 	 1 	 4 6 	 1 	 2 2 	 5 	 5 6 3 7 	 1 2 1 9 	 1 7 7 	 3 3 	 9 1 	 L E G E N D
5 	 1 	 4 6 	 1 	 2 2 	 6 	 5 8 3 2 	 1 2 2 8 	 7 	 2 4 	 9 1 	 :
4 	 1 	 4 6 	 1 	 2 3 	 0 	 2 4 9 7 	 1 2 7 7 	 1 7 0 5 	 1 6 	 - 1 	
5 	 1 	 4 6 	 1 	 2 3 	 1 	 2 4 9 7 	 1 2 8 4 	 3 	 1 	 4 6 	 :
5 	 1 	 4 6 	 1 	 2 3 	 2 	 4 1 9 8 	 1 2 7 7 	 4 	 1 6 	 5 7 	 I
4 	 1 	 4 6 	 1 	 2 4 	 0 	 1 4 4 3 	 1 2 8 6 	 4 0 0 3 	 4 0 	 - 1 	
5 	 1 	 4 6 	 1 	 2 4 	 1 	 1 4 4 3 	 1 2 8 6 	 1 6 	 3 4 	 6 0 	 8
5 	 1 	 4 6 	 1 	 2 4 	 2 	 1 5 9 4 	 1 2 8 6 	 1 6 	 3 4 	 7 	 i
5 	 1 	 4 6 	 1 	 2 4 	 3 	 1 7 2 8 	 1 2 8 7 	 5 0 	 3 4 	 0 	 s
5 	 1 	 4 6 	 1 	 2 4 	 4 	 1 9 0 2 	 1 3 0 5 	 5 8 	 1 6 	 7 5 	 0 + 0 2 5
5 	 1 	 4 6 	 1 	 2 4 	 5 	 2 0 6 5 	 1 3 0 5 	 4 6 	 1 7 	 7 2 	 + 0 5 0
5 	 1 	 4 6 	 1 	 2 4 	 6 	 2 2 0 5 	 1 3 0 5 	 5 8 	 1 6 	 9 2 	 0 + 0 7 5
5 	 1 	 4 6 	 1 	 2 4 	 7 	 2 3 5 6 	 1 3 0 5 	 5 9 	 1 6 	 8 7 	 0 + 1 0 0
5 	 1 	 4 6 	 1 	 2 4 	 8 	 2 5 0 8 	 1 3 0 5 	 5 8 	 1 6 	 9 1 	 0 + 1 2 5
5 	 1 	 4 6 	 1 	 2 4 	 9 	 2 6 5 9 	 1 3 0 5 	 5 9 	 1 6 	 8 9 	 0 + 1 5 0
5 	 1 	 4 6 	 1 	 2 4 	 1 0 	 2 8 1 1 	 1 3 0 5 	 5 8 	 1 6 	 9 2 	 0 + 1 7 5
5 	 1 	 4 6 	 1 	 2 4 	 1 1 	 2 9 6 3 	 1 3 0 5 	 5 8 	 2 1 	 8 9 	 0 + 2 0 0
5 	 1 	 4 6 	 1 	 2 4 	 1 2 	 3 1 1 4 	 1 3 0 5 	 5 9 	 1 6 	 8 9 	 0 + 2 2 5
5 	 1 	 4 6 	 1 	 2 4 	 1 3 	 3 2 6 6 	 1 3 0 5 	 5 8 	 1 6 	 9 1 	 0 + 2 5 0
5 	 1 	 4 6 	 1 	 2 4 	 1 4 	 3 4 1 7 	 1 3 0 5 	 5 9 	 1 6 	 8 8 	 0 + 2 7 5
5 	 1 	 4 6 	 1 	 2 4 	 1 5 	 3 5 6 9 	 1 3 0 5 	 5 8 	 1 7 	 9 1 	 0 + 3 0 0
5 	 1 	 4 6 	 1 	 2 4 	 1 6 	 3 7 2 1 	 1 3 0 5 	 5 8 	 1 6 	 9 0 	 0 + 3 2 5
5 	 1 	 4 6 	 1 	 2 4 	 1 7 	 3 8 7 2 	 1 3 0 5 	 5 9 	 1 6 	 8 9 	 0 + 3 5 0
5 	 1 	 4 6 	 1 	 2 4 	 1 8 	 4 0 2 4 	 1 3 0 5 	 5 8 	 1 6 	 9 1 	 0 + 3 7 5
5 	 1 	 4 6 	 1 	 2 4 	 1 9 	 4 1 7 5 	 1 3 0 5 	 5 9 	 1 6 	 1 1 	 + 4 0 0
5 	 1 	 4 6 	 1 	 2 4 	 2 0 	 4 3 2 7 	 1 3 0 5 	 5 8 	 1 6 	 9 1 	 0 + 4 2 5
5 	 1 	 4 6 	 1 	 2 4 	 2 1 	 4 4 7 9 	 1 3 0 5 	 5 8 	 1 6 	 9 2 	 0 + 4 5 0
5 	 1 	 4 6 	 1 	 2 4 	 2 2 	 4 6 3 0 	 1 3 0 5 	 5 8 	 1 6 	 9 2 	 0 + 4 7 5
5 	 1 	 4 6 	 1 	 2 4 	 2 3 	 4 7 8 2 	 1 3 0 5 	 5 8 	 1 6 	 9 1 	 0 + 5 0 0
5 	 1 	 4 6 	 1 	 2 4 	 2 4 	 4 9 3 3 	 1 3 0 5 	 5 9 	 1 6 	 8 9 	 0 + 5 2 5
5 	 1 	 4 6 	 1 	 2 4 	 2 5 	 5 0 8 5 	 1 3 0 5 	 5 8 	 1 6 	 9 2 	 0 + 5 5 0
5 	 1 	 4 6 	 1 	 2 4 	 2 6 	 5 2 3 7 	 1 3 0 5 	 5 8 	 1 6 	 9 2 	 0 + 5 7 5
5 	 1 	 4 6 	 1 	 2 4 	 2 7 	 5 3 8 8 	 1 3 0 5 	 5 8 	 2 1 	 8 9 	 0 + 6 0 0
4 	 1 	 4 6 	 1 	 2 5 	 0 	 1 2 9 3 	 1 2 7 7 	 4 6 3 7 	 6 4 	 - 1 	
5 	 1 	 4 6 	 1 	 2 5 	 1 	 1 2 9 3 	 1 2 7 7 	 1 9 	 2 9 	 6 2 	 8
5 	 1 	 4 6 	 1 	 2 5 	 2 	 1 3 8 6 	 1 2 9 8 	 7 3 	 3 6 	 0 	 ; — 8
5 	 1 	 4 6 	 1 	 2 5 	 3 	 1 5 9 4 	 1 2 9 7 	 1 6 	 1 1 	 4 3 	 e
5 	 1 	 4 6 	 1 	 2 5 	 4 	 1 7 2 8 	 1 2 9 9 	 1 6 	 1 0 	 8 0 	 8
5 	 1 	 4 6 	 1 	 2 5 	 5 	 2 2 2 9 	 1 3 0 4 	 1 0 	 3 0 	 8 4 	 0
5 	 1 	 4 6 	 1 	 2 5 	 6 	 3 6 7 9 	 1 3 0 0 	 3 2 	 2 1 	 4 1 	 o
5 	 1 	 4 6 	 1 	 2 5 	 7 	 3 8 9 6 	 1 3 0 5 	 1 1 	 2 9 	 9 6 	 3
5 	 1 	 4 6 	 1 	 2 5 	 8 	 5 1 6 4 	 1 2 8 7 	 1 8 	 2 8 	 0 	 u
5 	 1 	 4 6 	 1 	 2 5 	 9 	 5 8 6 6 	 1 2 9 8 	 6 4 	 4 3 	 8 5 	 R . O . W
4 	 1 	 4 6 	 1 	 2 6 	 0 	 4 0 8 	 1 3 0 5 	 5 5 0 0 	 4 7 	 - 1 	
5 	 1 	 4 6 	 1 	 2 6 	 1 	 4 0 8 	 1 3 2 7 	 1 6 	 1 	 6 9 	 =
5 	 1 	 4 6 	 1 	 2 6 	 2 	 4 8 0 	 1 3 2 7 	 2 4 	 1 	 3 7 	 a
5 	 1 	 4 6 	 1 	 2 6 	 3 	 6 0 8 	 1 3 2 7 	 8 	 1 	 1 2 	 a
5 	 1 	 4 6 	 1 	 2 6 	 4 	 9 2 0 	 1 3 2 7 	 8 	 1 	 7 9 	 =
5 	 1 	 4 6 	 1 	 2 6 	 5 	 1 2 2 8 	 1 3 1 6 	 1 2 	 2 6 	 2 8 	 o l
5 	 1 	 4 6 	 1 	 2 6 	 6 	 1 2 9 3 	 1 3 2 0 	 8 3 	 2 9 	 3 	 i r
5 	 1 	 4 6 	 1 	 2 6 	 7 	 1 4 4 2 	 1 3 2 1 	 1 7 	 2 3 	 4 0 	 5
5 	 1 	 4 6 	 1 	 2 6 	 8 	 1 5 9 0 	 1 3 2 1 	 2 0 	 2 3 	 5 1 	 r s
5 	 1 	 4 6 	 1 	 2 6 	 9 	 1 7 2 8 	 1 3 2 2 	 1 6 	 2 3 	 4 1 	 a
5 	 1 	 4 6 	 1 	 2 6 	 1 0 	 1 7 7 9 	 1 3 2 0 	 1 	 1 4 	 2 7 	 i
5 	 1 	 4 6 	 1 	 2 6 	 1 1 	 1 9 3 0 	 1 3 2 3 	 1 	 1 1 	 7 9 	 1
5 	 1 	 4 6 	 1 	 2 6 	 1 2 	 2 0 8 2 	 1 3 2 7 	 1 	 6 	 4 7 	 i
5 	 1 	 4 6 	 1 	 2 6 	 1 3 	 2 3 8 5 	 1 3 2 2 	 1 	 1 2 	 5 1 	 ||||
5 	 1 	 4 6 	 1 	 2 6 	 1 4 	 2 5 3 7 	 1 3 2 3 	 1 	 1 0 	 5 7 	 ||||
5 	 1 	 4 6 	 1 	 2 6 	 1 5 	 2 6 8 8 	 1 3 2 2 	 1 	 1 2 	 4 9 	 t
5 	 1 	 4 6 	 1 	 2 6 	 1 6 	 2 8 4 0 	 1 3 2 3 	 1 	 1 0 	 7 3 	 t
5 	 1 	 4 6 	 1 	 2 6 	 1 7 	 2 9 9 1 	 1 3 2 7 	 1 	 6 	 0 	 #
5 	 1 	 4 6 	 1 	 2 6 	 1 8 	 3 1 4 3 	 1 3 2 2 	 1 	 1 2 	 5 8 	 t
5 	 1 	 4 6 	 1 	 2 6 	 1 9 	 3 4 4 6 	 1 3 2 2 	 1 	 1 2 	 3 8 	 t
5 	 1 	 4 6 	 1 	 2 6 	 2 0 	 3 5 9 4 	 1 3 1 5 	 5 	 2 6 	 0 	 ‘ i
5 	 1 	 4 6 	 1 	 2 6 	 2 1 	 3 6 6 7 	 1 3 0 5 	 1 8 	 4 6 	 0 	 r
5 	 1 	 4 6 	 1 	 2 6 	 2 2 	 3 7 4 9 	 1 3 2 3 	 1 	 1 0 	 1 8 	 F
5 	 1 	 4 6 	 1 	 2 6 	 2 3 	 3 8 7 0 	 1 3 2 7 	 8 	 2 5 	 1 8 	 '
5 	 1 	 4 6 	 1 	 2 6 	 2 4 	 3 8 9 3 	 1 3 2 7 	 4 	 2 	 3 5 	 ||||
5 	 1 	 4 6 	 1 	 2 6 	 2 5 	 4 2 0 4 	 1 3 2 2 	 1 	 1 1 	 5 4 	 F
5 	 1 	 4 6 	 1 	 2 6 	 2 6 	 4 6 5 9 	 1 3 2 3 	 1 	 1 0 	 5 8 	 1
5 	 1 	 4 6 	 1 	 2 6 	 2 7 	 4 9 6 2 	 1 3 2 3 	 1 	 1 0 	 6 0 	 t
5 	 1 	 4 6 	 1 	 2 6 	 2 8 	 5 4 1 7 	 1 3 2 7 	 1 	 6 	 7 6 	 1
5 	 1 	 4 6 	 1 	 2 6 	 2 9 	 5 8 8 2 	 1 3 2 7 	 2 6 	 3 	 3 9 	 W e
4 	 1 	 4 6 	 1 	 2 7 	 0 	 3 6 6 7 	 1 3 3 0 	 1 5 1 5 	 4 9 	 - 1 	
5 	 1 	 4 6 	 1 	 2 7 	 1 	 3 6 6 7 	 1 3 3 6 	 4 4 	 4 3 	 3 8 	 r o
5 	 1 	 4 6 	 1 	 2 7 	 2 	 3 8 2 7 	 1 3 5 6 	 4 8 	 1 6 	 2 2 	 =
5 	 1 	 4 6 	 1 	 2 7 	 3 	 5 1 6 4 	 1 3 3 0 	 1 8 	 2 9 	 2 7 	 a
4 	 1 	 4 6 	 1 	 2 8 	 0 	 1 2 9 3 	 1 3 5 2 	 4 8 2 4 	 8 6 	 - 1 	
5 	 1 	 4 6 	 1 	 2 8 	 1 	 1 2 9 3 	 1 3 6 4 	 1 8 	 7 3 	 3 	 :
5 	 1 	 4 6 	 1 	 2 8 	 2 	 1 3 6 7 	 1 3 7 7 	 1 9 	 4 0 	 9 2 	 5
5 	 1 	 4 6 	 1 	 2 8 	 3 	 1 3 9 2 	 1 3 5 2 	 3 4 	 6 8 	 4 5 	 N
5 	 1 	 4 6 	 1 	 2 8 	 4 	 3 6 6 2 	 1 3 7 6 	 1 1 	 6 2 	 6 7 	 '
5 	 1 	 4 6 	 1 	 2 8 	 5 	 4 1 6 8 	 1 3 5 5 	 6 4 	 6 4 	 2 2 	 o e
5 	 1 	 4 6 	 1 	 2 8 	 6 	 5 1 6 4 	 1 3 7 4 	 1 8 	 2 9 	 3 2 	 i
5 	 1 	 4 6 	 1 	 2 8 	 7 	 5 8 9 0 	 1 3 9 2 	 1 2 1 	 1 7 	 9 6 	 P R O P O S E D
5 	 1 	 4 6 	 1 	 2 8 	 8 	 6 0 1 8 	 1 3 9 2 	 9 9 	 1 7 	 9 6 	 A S P H A L T
4 	 1 	 4 6 	 1 	 2 9 	 0 	 1 3 6 7 	 1 4 1 8 	 3 8 1 5 	 3 1 	 - 1 	
5 	 1 	 4 6 	 1 	 2 9 	 1 	 1 3 6 7 	 1 4 1 9 	 4 5 	 3 0 	 2 9 	 =
5 	 1 	 4 6 	 1 	 2 9 	 2 	 4 2 0 9 	 1 4 2 0 	 1 9 	 2 0 	 9 2 	 4
5 	 1 	 4 6 	 1 	 2 9 	 3 	 5 1 6 4 	 1 4 1 8 	 1 8 	 2 8 	 6 7 	 a
4 	 1 	 4 6 	 1 	 3 0 	 0 	 1 7 8 8 	 1 4 5 1 	 1 2 	 1 1 	 - 1 	
5 	 1 	 4 6 	 1 	 3 0 	 1 	 1 7 8 8 	 1 4 5 1 	 1 2 	 1 1 	 0 	 °
4 	 1 	 4 6 	 1 	 3 1 	 0 	 1 2 9 3 	 1 4 5 2 	 4 7 8 7 	 4 6 	 - 1 	
5 	 1 	 4 6 	 1 	 3 1 	 1 	 1 2 9 3 	 1 4 5 2 	 1 8 	 2 8 	 7 0 	 4
5 	 1 	 4 6 	 1 	 3 1 	 2 	 1 7 8 6 	 1 4 6 3 	 1 6 	 3 4 	 7 8 	 3
5 	 1 	 4 6 	 1 	 3 1 	 3 	 4 3 8 3 	 1 4 6 4 	 1 9 	 2 5 	 8 8 	 E
5 	 1 	 4 6 	 1 	 3 1 	 4 	 4 4 1 3 	 1 4 6 4 	 1 7 7 	 2 6 	 8 8 	 4 7 3 8 4 3 . 4 3 2
5 	 1 	 4 6 	 1 	 3 1 	 5 	 5 1 6 4 	 1 4 6 2 	 1 8 	 2 8 	 4 2 	 a
5 	 1 	 4 6 	 1 	 3 1 	 6 	 5 8 9 2 	 1 4 8 1 	 1 2 1 	 1 7 	 9 6 	 P R O P O S E D
5 	 1 	 4 6 	 1 	 3 1 	 7 	 6 0 2 0 	 1 4 8 1 	 6 0 	 1 7 	 9 6 	 T I L E S
4 	 1 	 4 6 	 1 	 3 2 	 0 	 1 2 9 4 	 1 4 9 6 	 3 8 8 8 	 3 8 	 - 1 	
5 	 1 	 4 6 	 1 	 3 2 	 1 	 1 2 9 4 	 1 4 9 6 	 1 7 	 2 8 	 2 3 	 a
5 	 1 	 4 6 	 1 	 3 2 	 2 	 4 3 6 2 	 1 5 0 5 	 2 0 	 2 5 	 8 7 	 N
5 	 1 	 4 6 	 1 	 3 2 	 3 	 4 3 9 4 	 1 5 0 5 	 1 9 6 	 2 6 	 8 7 	 2 7 5 1 2 2 9 . 0 9 9
5 	 1 	 4 6 	 1 	 3 2 	 4 	 5 1 6 4 	 1 5 0 5 	 1 8 	 2 9 	 6 4 	 8
4 	 1 	 4 6 	 1 	 3 3 	 0 	 1 2 9 4 	 1 5 3 8 	 4 8 9 5 	 4 8 	 - 1 	
5 	 1 	 4 6 	 1 	 3 3 	 1 	 1 2 9 4 	 1 5 3 9 	 1 7 	 2 9 	 3 9 	 A
5 	 1 	 4 6 	 1 	 3 3 	 2 	 1 6 6 8 	 1 5 4 4 	 2 1 6 	 4 2 	 2 1 	 _
5 	 1 	 4 6 	 1 	 3 3 	 3 	 3 8 4 6 	 1 5 3 8 	 5 6 	 2 2 	 4 7 	 L - 1 5
5 	 1 	 4 6 	 1 	 3 3 	 4 	 5 1 6 4 	 1 5 4 9 	 1 8 	 2 9 	 7 5 	 ||||
5 	 1 	 4 6 	 1 	 3 3 	 5 	 5 8 9 2 	 1 5 5 9 	 1 2 2 	 1 6 	 9 3 	 P R O P O S E D
5 	 1 	 4 6 	 1 	 3 3 	 6 	 6 0 2 2 	 1 5 5 9 	 1 0 2 	 1 6 	 9 2 	 U P S T A N D
5 	 1 	 4 6 	 1 	 3 3 	 7 	 6 1 3 2 	 1 5 5 9 	 5 7 	 1 6 	 9 6 	 K E R B
4 	 1 	 4 6 	 1 	 3 4 	 0 	 1 2 9 4 	 1 5 8 0 	 3 8 8 8 	 5 4 	 - 1 	
5 	 1 	 4 6 	 1 	 3 4 	 1 	 1 2 9 4 	 1 5 8 3 	 1 7 	 2 9 	 7 5 	 a
5 	 1 	 4 6 	 1 	 3 4 	 2 	 1 6 6 4 	 1 5 8 0 	 1 4 0 	 5 4 	 0 	 — — _ e
5 	 1 	 4 6 	 1 	 3 4 	 3 	 5 1 6 4 	 1 5 9 3 	 1 8 	 2 8 	 5 5 	 i
4 	 1 	 4 6 	 1 	 3 5 	 0 	 1 7 8 6 	 1 6 1 4 	 1 6 	 1 1 	 - 1 	
5 	 1 	 4 6 	 1 	 3 5 	 1 	 1 7 8 6 	 1 6 1 4 	 1 6 	 1 1 	 6 0 	 w o
4 	 1 	 4 6 	 1 	 3 6 	 0 	 1 2 9 4 	 1 6 1 7 	 4 8 6 4 	 4 8 	 - 1 	
5 	 1 	 4 6 	 1 	 3 6 	 1 	 1 2 9 4 	 1 6 2 7 	 1 7 	 2 9 	 0 	 ¥
5 	 1 	 4 6 	 1 	 3 6 	 2 	 1 5 4 4 	 1 6 2 7 	 1 9 	 2 4 	 7 3 	 E
5 	 1 	 4 6 	 1 	 3 6 	 3 	 1 5 7 4 	 1 6 2 6 	 1 7 3 	 2 6 	 7 3 	 4 7 3 4 6 4 . 7 1 1
5 	 1 	 4 6 	 1 	 3 6 	 4 	 1 7 8 6 	 1 6 2 7 	 1 6 	 2 2 	 1 0 	 &
5 	 1 	 4 6 	 1 	 3 6 	 5 	 5 1 6 4 	 1 6 3 7 	 1 8 	 2 8 	 3 5 	 '
5 	 1 	 4 6 	 1 	 3 6 	 6 	 5 8 9 4 	 1 6 1 7 	 1 2 2 	 1 6 	 9 6 	 P R O P O S E D
5 	 1 	 4 6 	 1 	 3 6 	 7 	 6 0 2 4 	 1 6 1 7 	 6 8 	 1 6 	 9 6 	 F L U S H
5 	 1 	 4 6 	 1 	 3 6 	 8 	 6 1 0 1 	 1 6 1 7 	 5 7 	 1 6 	 9 7 	 K E R B
4 	 1 	 4 6 	 1 	 3 7 	 0 	 1 2 9 4 	 1 6 6 7 	 4 8 0 4 	 4 2 	 - 1 	
5 	 1 	 4 6 	 1 	 3 7 	 1 	 1 2 9 4 	 1 6 7 1 	 1 7 	 2 8 	 2 3 	 u
5 	 1 	 4 6 	 1 	 3 7 	 2 	 1 5 1 9 	 1 6 6 7 	 2 0 	 2 5 	 9 2 	 N
5 	 1 	 4 6 	 1 	 3 7 	 3 	 1 5 5 1 	 1 6 6 7 	 1 9 6 	 2 6 	 9 1 	 2 7 5 0 9 6 3 . 4 2 6
5 	 1 	 4 6 	 1 	 3 7 	 4 	 5 1 6 4 	 1 6 8 0 	 1 8 	 2 9 	 6 1 	 a
5 	 1 	 4 6 	 1 	 3 7 	 5 	 5 8 9 3 	 1 6 7 9 	 9 9 	 1 7 	 9 6 	 E X I S T I N G
5 	 1 	 4 6 	 1 	 3 7 	 6 	 5 9 9 9 	 1 6 7 9 	 9 9 	 1 7 	 9 6 	 A S P H A L T
4 	 1 	 4 6 	 1 	 3 8 	 0 	 1 2 9 4 	 1 7 1 5 	 3 8 8 8 	 4 2 	 - 1 	
5 	 1 	 4 6 	 1 	 3 8 	 1 	 1 2 9 4 	 1 7 1 5 	 1 7 	 2 8 	 0 	 u
5 	 1 	 4 6 	 1 	 3 8 	 2 	 1 7 8 6 	 1 7 4 2 	 1 6 	 1 5 	 7 4 	 J
5 	 1 	 4 6 	 1 	 3 8 	 3 	 5 1 6 4 	 1 7 2 4 	 1 8 	 2 9 	 7 9 	 i
4 	 1 	 4 6 	 1 	 3 9 	 0 	 1 7 8 9 	 1 7 4 5 	 4 3 8 3 	 2 1 	 - 1 	
5 	 1 	 4 6 	 1 	 3 9 	 1 	 1 7 8 9 	 1 7 5 4 	 1 1 	 1 1 	 2 7 	 +
5 	 1 	 4 6 	 1 	 3 9 	 2 	 5 8 9 6 	 1 7 4 5 	 1 5 1 	 2 1 	 9 6 	 P R O P O S E D
5 	 1 	 4 6 	 1 	 3 9 	 3 	 6 0 5 8 	 1 7 4 5 	 3 1 	 2 1 	 9 6 	 L V
5 	 1 	 4 6 	 1 	 3 9 	 4 	 6 0 9 9 	 1 7 4 5 	 7 3 	 2 1 	 9 6 	 D U C T
4 	 1 	 4 6 	 1 	 4 0 	 0 	 1 2 9 4 	 1 7 5 8 	 3 8 8 8 	 4 2 	 - 1 	
5 	 1 	 4 6 	 1 	 4 0 	 1 	 1 2 9 4 	 1 7 5 8 	 1 7 	 2 9 	 3 7 	 N
5 	 1 	 4 6 	 1 	 4 0 	 2 	 1 7 8 6 	 1 7 6 6 	 1 6 	 3 4 	 6 4 	 8
5 	 1 	 4 6 	 1 	 4 0 	 3 	 5 1 6 4 	 1 7 6 8 	 1 8 	 2 9 	 2 5 	 a
4 	 1 	 4 6 	 1 	 4 1 	 0 	 2 1 9 8 	 1 8 0 1 	 3 9 7 8 	 3 9 	 - 1 	
5 	 1 	 4 6 	 1 	 4 1 	 1 	 2 1 9 8 	 1 8 1 7 	 7 8 	 1 5 	 9 5 	 5 3 1 0 9 2 1
5 	 1 	 4 6 	 1 	 4 1 	 2 	 5 1 6 4 	 1 8 1 2 	 1 8 	 2 8 	 2 0 	 N
5 	 1 	 4 6 	 1 	 4 1 	 3 	 5 8 9 6 	 1 8 0 1 	 1 5 1 	 2 1 	 9 6 	 P R O P O S E D
5 	 1 	 4 6 	 1 	 4 1 	 4 	 6 0 5 8 	 1 8 0 1 	 3 6 	 2 1 	 9 6 	 H V
5 	 1 	 4 6 	 1 	 4 1 	 5 	 6 1 0 3 	 1 8 0 1 	 7 3 	 2 1 	 9 6 	 D U C T
4 	 1 	 4 6 	 1 	 4 2 	 0 	 4 5 1 	 1 8 4 6 	 5 7 8 0 	 5 5 	 - 1 	
5 	 1 	 4 6 	 1 	 4 2 	 1 	 4 5 1 	 1 8 6 5 	 8 0 	 1 5 	 9 6 	 5 3 1 0 2 7 0
5 	 1 	 4 6 	 1 	 4 2 	 2 	 9 0 3 	 1 8 6 5 	 8 0 	 1 5 	 9 4 	 5 3 1 0 2 6 9
5 	 1 	 4 6 	 1 	 4 2 	 3 	 1 2 9 4 	 1 8 4 6 	 1 7 	 2 8 	 5 8 	 a
5 	 1 	 4 6 	 1 	 4 2 	 4 	 1 3 5 6 	 1 8 6 5 	 8 0 	 1 5 	 9 3 	 5 3 1 0 2 6 8
5 	 1 	 4 6 	 1 	 4 2 	 5 	 2 1 7 5 	 1 8 8 6 	 1 1 9 	 1 5 	 0 	 p I P 2 5 0 1 2 D
5 	 1 	 4 6 	 1 	 4 2 	 6 	 5 1 6 4 	 1 8 5 6 	 1 8 	 2 8 	 0 	 Q
5 	 1 	 4 6 	 1 	 4 2 	 7 	 5 8 9 6 	 1 8 5 3 	 1 5 1 	 2 1 	 9 6 	 P R O P O S E D
5 	 1 	 4 6 	 1 	 4 2 	 8 	 6 0 5 7 	 1 8 5 3 	 9 0 	 2 1 	 9 6 	 S P A R E
5 	 1 	 4 6 	 1 	 4 2 	 9 	 6 1 5 8 	 1 8 5 4 	 7 3 	 2 0 	 9 6 	 D U C T
4 	 1 	 4 6 	 1 	 4 3 	 0 	 1 2 9 4 	 1 8 9 0 	 5 0 4 0 	 7 2 	 - 1 	
5 	 1 	 4 6 	 1 	 4 3 	 1 	 1 2 9 4 	 1 8 9 0 	 1 6 	 7 2 	 0 	 :
5 	 1 	 4 6 	 1 	 4 3 	 2 	 1 7 8 6 	 1 8 9 3 	 1 6 	 4 7 	 5 3 	 a
5 	 1 	 4 6 	 1 	 4 3 	 3 	 2 2 1 1 	 1 8 9 9 	 3 2 	 2 	 0 	 _
5 	 1 	 4 6 	 1 	 4 3 	 4 	 5 1 6 4 	 1 8 9 9 	 1 8 	 2 9 	 5 8 	 5
5 	 1 	 4 6 	 1 	 4 3 	 5 	 5 8 9 6 	 1 9 1 0 	 1 5 1 	 2 1 	 9 6 	 P R O P O S E D
5 	 1 	 4 6 	 1 	 4 3 	 6 	 6 0 5 7 	 1 9 1 0 	 1 0 6 	 2 1 	 9 6 	 S T R E E T
5 	 1 	 4 6 	 1 	 4 3 	 7 	 6 1 7 3 	 1 9 1 0 	 7 8 	 2 1 	 9 6 	 L I G H T
5 	 1 	 4 6 	 1 	 4 3 	 8 	 6 2 6 1 	 1 9 1 0 	 7 3 	 2 1 	 9 6 	 D U C T
4 	 1 	 4 6 	 1 	 4 4 	 0 	 1 7 8 6 	 1 9 3 9 	 1 6 	 1 3 	 - 1 	
5 	 1 	 4 6 	 1 	 4 4 	 1 	 1 7 8 6 	 1 9 3 9 	 1 6 	 1 3 	 5 7 	 o
4 	 1 	 4 6 	 1 	 4 5 	 0 	 8 9 1 	 1 9 4 3 	 4 2 9 1 	 3 6 	 - 1 	
5 	 1 	 4 6 	 1 	 4 5 	 1 	 8 9 1 	 1 9 6 1 	 1 0 3 	 1 5 	 8 8 	 D I P . 2 4 . 0 1 6
5 	 1 	 4 6 	 1 	 4 5 	 2 	 3 2 9 3 	 1 9 5 6 	 1 1 1 	 2 3 	 9 5 	 W A T E R
5 	 1 	 4 6 	 1 	 4 5 	 3 	 3 4 1 5 	 1 9 5 6 	 1 5 7 	 2 3 	 9 6 	 N E T W O R K
5 	 1 	 4 6 	 1 	 4 5 	 4 	 3 5 8 2 	 1 9 5 6 	 6 6 	 2 3 	 9 6 	 L I N E
5 	 1 	 4 6 	 1 	 4 5 	 5 	 3 6 5 8 	 1 9 5 6 	 9 5 	 2 3 	 9 5 	 S T Y L E
5 	 1 	 4 6 	 1 	 4 5 	 6 	 5 1 6 4 	 1 9 4 3 	 1 8 	 2 9 	 4 3 	 a
4 	 1 	 4 6 	 1 	 4 6 	 0 	 4 2 8 	 1 9 7 7 	 4 7 5 4 	 5 2 	 - 1 	
5 	 1 	 4 6 	 1 	 4 6 	 1 	 4 2 8 	 1 9 8 2 	 1 0 3 	 1 6 	 8 4 	 D I P . 2 4 . 0 1 5
5 	 1 	 4 6 	 1 	 4 6 	 2 	 1 2 9 4 	 1 9 7 7 	 1 7 	 2 9 	 5 4 	 Q
5 	 1 	 4 6 	 1 	 4 6 	 3 	 1 3 2 4 	 1 9 8 9 	 1 0 3 	 1 6 	 8 8 	 D I P . 2 4 . 0 0 5
5 	 1 	 4 6 	 1 	 4 6 	 4 	 1 9 8 4 	 2 0 0 6 	 5 9 	 2 3 	 8 8 	 C - 2 1
5 	 1 	 4 6 	 1 	 4 6 	 5 	 5 1 6 4 	 1 9 8 7 	 1 8 	 2 9 	 2 7 	 i
4 	 1 	 4 6 	 1 	 4 7 	 0 	 1 2 9 4 	 2 0 2 1 	 3 8 8 8 	 4 7 	 - 1 	
5 	 1 	 4 6 	 1 	 4 7 	 1 	 1 2 9 4 	 2 0 2 1 	 1 7 	 2 8 	 5 3 	 8
5 	 1 	 4 6 	 1 	 4 7 	 2 	 1 7 8 6 	 2 0 4 5 	 1 6 	 2 3 	 0 	 e
5 	 1 	 4 6 	 1 	 4 7 	 3 	 3 2 9 6 	 2 0 3 4 	 6 4 	 2 1 	 9 6 	 P I P E
5 	 1 	 4 6 	 1 	 4 7 	 4 	 3 3 7 1 	 2 0 3 4 	 5 2 	 2 1 	 9 6 	 D I A .
5 	 1 	 4 6 	 1 	 4 7 	 5 	 3 5 3 4 	 2 0 3 4 	 2 5 	 2 1 	 9 6 	 I N
5 	 1 	 4 6 	 1 	 4 7 	 6 	 3 5 7 0 	 2 0 3 3 	 1 2 5 	 2 3 	 9 6 	 S E R V I C E
5 	 1 	 4 6 	 1 	 4 7 	 7 	 3 8 4 0 	 2 0 3 2 	 1 6 1 	 2 2 	 9 6 	 P R O P O S E D
5 	 1 	 4 6 	 1 	 4 7 	 8 	 4 1 3 4 	 2 0 3 2 	 1 8 3 	 2 2 	 9 6 	 A B A N D O N E D
5 	 1 	 4 6 	 1 	 4 7 	 9 	 4 4 6 1 	 2 0 3 4 	 1 4 4 	 2 2 	 9 6 	 R E M O V E D
5 	 1 	 4 6 	 1 	 4 7 	 1 0 	 4 7 3 0 	 2 0 3 4 	 6 7 	 2 2 	 9 6 	 P R O .
5 	 1 	 4 6 	 1 	 4 7 	 1 1 	 4 8 0 9 	 2 0 3 4 	 1 3 9 	 2 2 	 9 6 	 R E M O V A L
5 	 1 	 4 6 	 1 	 4 7 	 1 2 	 5 1 6 0 	 2 0 2 7 	 2 2 	 4 1 	 3 3 	 f l
4 	 1 	 4 6 	 1 	 4 8 	 0 	 1 7 8 6 	 2 0 7 0 	 1 6 	 1 0 	 - 1 	
5 	 1 	 4 6 	 1 	 4 8 	 1 	 1 7 8 6 	 2 0 7 0 	 1 6 	 1 0 	 5 5 	 O O
4 	 1 	 4 6 	 1 	 4 9 	 0 	 1 2 9 4 	 2 0 6 5 	 3 8 8 8 	 7 2 	 - 1 	
5 	 1 	 4 6 	 1 	 4 9 	 1 	 1 2 9 4 	 2 0 6 5 	 1 6 	 7 2 	 4 8 	 .
5 	 1 	 4 6 	 1 	 4 9 	 2 	 1 7 8 6 	 2 0 8 1 	 1 6 	 2 3 	 8 6 	 a
5 	 1 	 4 6 	 1 	 4 9 	 3 	 3 2 9 4 	 2 0 9 4 	 1 0 6 	 2 1 	 8 4 	 4 2 0 0 m m
5 	 1 	 4 6 	 1 	 4 9 	 4 	 3 5 6 2 	 2 0 8 9 	 8 9 	 2 1 	 5 6 	 W 1 2 0 0
5 	 1 	 4 6 	 1 	 4 9 	 5 	 3 8 5 4 	 2 0 8 6 	 1 0 6 	 2 2 	 6 5 	 P W 1 2 0 0
5 	 1 	 4 6 	 1 	 4 9 	 6 	 4 1 5 2 	 2 0 8 6 	 1 0 8 	 2 2 	 8 9 	 A W 1 2 0 0
5 	 1 	 4 6 	 1 	 4 9 	 7 	 4 4 5 3 	 2 0 8 8 	 1 0 7 	 2 1 	 8 6 	 R W 1 2 0 0
5 	 1 	 4 6 	 1 	 4 9 	 8 	 4 7 4 3 	 2 0 8 8 	 1 2 7 	 2 1 	 9 1 	 P R W 1 2 0 0
5 	 1 	 4 6 	 1 	 4 9 	 9 	 5 1 6 4 	 2 0 7 4 	 1 8 	 2 9 	 3 2 	 a
4 	 1 	 4 6 	 1 	 5 0 	 0 	 1 2 9 4 	 2 1 1 4 	 3 8 8 8 	 6 7 	 - 1 	
5 	 1 	 4 6 	 1 	 5 0 	 1 	 1 2 9 4 	 2 1 5 2 	 1 7 	 2 9 	 0 	 .
5 	 1 	 4 6 	 1 	 5 0 	 2 	 3 2 9 4 	 2 1 3 7 	 9 2 	 2 1 	 9 0 	 9 0 0 m m
5 	 1 	 4 6 	 1 	 5 0 	 3 	 3 5 7 0 	 2 1 3 1 	 7 3 	 2 2 	 4 2 	 w 9 0 0
5 	 1 	 4 6 	 1 	 5 0 	 4 	 3 8 0 6 	 2 1 5 5 	 1 0 	 1 	 0 	 _ _
5 	 1 	 4 6 	 1 	 5 0 	 5 	 3 8 6 2 	 2 1 2 9 	 9 0 	 2 6 	 2 6 	 P w e 9 0 0
5 	 1 	 4 6 	 1 	 5 0 	 6 	 4 1 6 0 	 2 1 1 4 	 9 2 	 4 8 	 3 	 A w s 9 0 0
5 	 1 	 4 6 	 1 	 5 0 	 7 	 4 4 6 0 	 2 1 1 5 	 9 2 	 4 8 	 3 1 	 R w g 9 0 0
5 	 1 	 4 6 	 1 	 5 0 	 8 	 4 7 5 1 	 2 1 1 5 	 1 1 1 	 4 9 	 5 5 	 P R W w g 0 0
5 	 1 	 4 6 	 1 	 5 0 	 9 	 5 1 6 4 	 2 1 1 8 	 1 8 	 2 9 	 4 8 	 i
4 	 1 	 4 6 	 1 	 5 1 	 0 	 3 2 9 4 	 2 1 5 6 	 1 8 8 8 	 5 1 	 - 1 	
5 	 1 	 4 6 	 1 	 5 1 	 1 	 3 2 9 4 	 2 1 7 9 	 9 2 	 2 2 	 9 6 	 7 0 0 m m
5 	 1 	 4 6 	 1 	 5 1 	 2 	 3 5 7 0 	 2 1 7 4 	 7 3 	 2 2 	 8 5 	 w 7 0 0
5 	 1 	 4 6 	 1 	 5 1 	 3 	 3 8 6 2 	 2 1 7 2 	 9 1 	 2 1 	 7 7 	 P w 7 0 0
5 	 1 	 4 6 	 1 	 5 1 	 4 	 4 1 6 0 	 2 1 5 6 	 9 2 	 4 9 	 8 5 	 A W 7 0 0
5 	 1 	 4 6 	 1 	 5 1 	 5 	 4 4 6 1 	 2 1 5 8 	 9 2 	 4 9 	 5 6 	 R W 7 0 0
5 	 1 	 4 6 	 1 	 5 1 	 6 	 4 7 5 1 	 2 1 5 8 	 1 1 1 	 4 9 	 8 8 	 P R W 7 0 0
5 	 1 	 4 6 	 1 	 5 1 	 7 	 5 1 6 4 	 2 1 6 2 	 1 8 	 2 8 	 2 7 	 0
4 	 1 	 4 6 	 1 	 5 2 	 0 	 1 2 9 4 	 2 1 9 6 	 5 0 8 	 2 9 	 - 1 	
5 	 1 	 4 6 	 1 	 5 2 	 1 	 1 2 9 4 	 2 1 9 6 	 1 7 	 2 9 	 4 2 	 a
5 	 1 	 4 6 	 1 	 5 2 	 2 	 1 7 8 6 	 2 1 9 7 	 1 6 	 2 3 	 7 2 	 g
4 	 1 	 4 6 	 1 	 5 3 	 0 	 1 7 8 6 	 2 2 0 0 	 3 3 9 6 	 4 8 	 - 1 	
5 	 1 	 4 6 	 1 	 5 3 	 1 	 1 7 8 6 	 2 2 2 1 	 1 6 	 2 2 	 2 9 	 z
5 	 1 	 4 6 	 1 	 5 3 	 2 	 3 2 9 4 	 2 2 2 2 	 9 2 	 2 2 	 9 6 	 6 0 0 m m
5 	 1 	 4 6 	 1 	 5 3 	 3 	 3 5 7 0 	 2 2 1 7 	 7 3 	 2 1 	 3 7 	 w e 0 0
5 	 1 	 4 6 	 1 	 5 3 	 4 	 3 8 6 2 	 2 2 1 5 	 9 0 	 2 1 	 7 7 	 P W 6 0 0
5 	 1 	 4 6 	 1 	 5 3 	 5 	 4 1 6 0 	 2 2 0 0 	 9 2 	 4 8 	 5 8 	 A W e 6 0 0
5 	 1 	 4 6 	 1 	 5 3 	 6 	 4 4 6 1 	 2 2 1 6 	 9 2 	 2 2 	 8 8 	 R W 6 0 0
5 	 1 	 4 6 	 1 	 5 3 	 7 	 4 7 5 1 	 2 2 1 6 	 1 1 1 	 2 2 	 8 0 	 P R W 6 0 0
5 	 1 	 4 6 	 1 	 5 3 	 8 	 5 1 6 4 	 2 2 0 6 	 1 8 	 2 8 	 3 9 	 i
4 	 1 	 4 6 	 1 	 5 4 	 0 	 1 7 8 6 	 2 2 4 5 	 1 6 	 1 0 	 - 1 	
5 	 1 	 4 6 	 1 	 5 4 	 1 	 1 7 8 6 	 2 2 4 5 	 1 6 	 1 0 	 2 2 	 o O
4 	 1 	 4 6 	 1 	 5 5 	 0 	 1 2 9 4 	 2 2 4 0 	 3 8 8 8 	 5 2 	 - 1 	
5 	 1 	 4 6 	 1 	 5 5 	 1 	 1 2 9 4 	 2 2 4 0 	 1 7 	 2 8 	 9 1 	 a
5 	 1 	 4 6 	 1 	 5 5 	 2 	 3 2 9 4 	 2 2 6 5 	 9 2 	 2 1 	 9 6 	 5 5 0 m m
5 	 1 	 4 6 	 1 	 5 5 	 3 	 3 5 7 0 	 2 2 4 5 	 7 3 	 4 7 	 9 0 	 W 5 5 0
5 	 1 	 4 6 	 1 	 5 5 	 4 	 3 8 6 2 	 2 2 5 7 	 9 0 	 2 2 	 8 6 	 P W 5 5 0
5 	 1 	 4 6 	 1 	 5 5 	 5 	 4 1 6 0 	 2 2 4 3 	 9 2 	 4 7 	 6 7 	 A W 5 5 0
5 	 1 	 4 6 	 1 	 5 5 	 6 	 4 4 6 1 	 2 2 5 9 	 9 2 	 2 2 	 8 8 	 R W 5 5 0
5 	 1 	 4 6 	 1 	 5 5 	 7 	 4 7 5 1 	 2 2 5 9 	 1 1 1 	 2 1 	 9 0 	 P R W 5 5 0
5 	 1 	 4 6 	 1 	 5 5 	 8 	 5 1 6 4 	 2 2 5 0 	 1 8 	 2 8 	 3 0 	 0
4 	 1 	 4 6 	 1 	 5 6 	 0 	 1 2 9 4 	 2 2 7 9 	 3 8 8 8 	 6 1 	 - 1 	
5 	 1 	 4 6 	 1 	 5 6 	 1 	 1 2 9 4 	 2 2 8 4 	 1 7 	 2 8 	 5 2 	 a
5 	 1 	 4 6 	 1 	 5 6 	 2 	 1 6 1 6 	 2 2 9 1 	 2 3 2 	 4 9 	 9 	 5 4 . 1 0
5 	 1 	 4 6 	 1 	 5 6 	 3 	 3 2 9 4 	 2 3 0 8 	 9 2 	 2 1 	 9 3 	 5 0 0 m m
5 	 1 	 4 6 	 1 	 5 6 	 4 	 3 5 7 0 	 2 2 8 2 	 7 3 	 5 3 	 4 5 	 w s 5 0 0
5 	 1 	 4 6 	 1 	 5 6 	 5 	 3 8 6 2 	 2 3 0 0 	 9 0 	 2 2 	 5 3 	 P W 5 0 0
5 	 1 	 4 6 	 1 	 5 6 	 6 	 4 1 6 0 	 2 2 7 9 	 9 2 	 5 3 	 5 9 	 A W 5 0 0
5 	 1 	 4 6 	 1 	 5 6 	 7 	 4 4 6 1 	 2 2 8 1 	 9 2 	 5 3 	 8 7 	 R W 5 0 0
5 	 1 	 4 6 	 1 	 5 6 	 8 	 4 7 5 1 	 2 2 8 1 	 1 1 1 	 5 3 	 5 1 	 P R W S 5 0 0
5 	 1 	 4 6 	 1 	 5 6 	 9 	 5 1 6 4 	 2 2 9 3 	 1 8 	 2 9 	 6 8 	 N
4 	 1 	 4 6 	 1 	 5 7 	 0 	 1 2 9 4 	 2 3 2 7 	 3 8 8 8 	 5 0 	 - 1 	
5 	 1 	 4 6 	 1 	 5 7 	 1 	 1 2 9 4 	 2 3 2 7 	 1 7 	 2 9 	 7 7 	 a
5 	 1 	 4 6 	 1 	 5 7 	 2 	 1 7 8 3 	 2 3 4 3 	 1 9 	 3 4 	 2 6 	 g y
5 	 1 	 4 6 	 1 	 5 7 	 3 	 3 5 7 0 	 2 3 4 5 	 7 3 	 2 2 	 8 3 	 W 4 5 0
5 	 1 	 4 6 	 1 	 5 7 	 4 	 3 8 6 2 	 2 3 4 3 	 9 0 	 2 1 	 6 5 	 P W 4 5 0
5 	 1 	 4 6 	 1 	 5 7 	 5 	 4 1 6 0 	 2 3 4 3 	 9 2 	 2 1 	 9 0 	 A W 4 5 0
5 	 1 	 4 6 	 1 	 5 7 	 6 	 4 4 6 1 	 2 3 4 5 	 9 2 	 2 1 	 9 0 	 R W 4 5 0
5 	 1 	 4 6 	 1 	 5 7 	 7 	 4 7 5 1 	 2 3 4 4 	 1 1 1 	 2 2 	 9 1 	 P R W 4 5 0
5 	 1 	 4 6 	 1 	 5 7 	 8 	 5 1 6 4 	 2 3 3 7 	 1 8 	 2 9 	 4 2 	 8
4 	 1 	 4 6 	 1 	 5 8 	 0 	 1 7 8 7 	 2 3 5 1 	 1 6 0 0 	 3 2 	 - 1 	
5 	 1 	 4 6 	 1 	 5 8 	 1 	 1 7 8 7 	 2 3 6 1 	 1 6 	 2 2 	 6 2 	 &
5 	 1 	 4 6 	 1 	 5 8 	 2 	 3 2 9 4 	 2 3 5 1 	 9 3 	 2 1 	 9 6 	 4 5 0 m m
4 	 1 	 4 6 	 1 	 5 9 	 0 	 2 1 9 2 	 2 3 7 4 	 8 0 	 1 5 	 - 1 	
5 	 1 	 4 6 	 1 	 5 9 	 1 	 2 1 9 2 	 2 3 7 4 	 8 0 	 1 5 	 9 6 	 5 3 1 0 9 2 2
4 	 1 	 4 6 	 1 	 6 0 	 0 	 1 2 9 4 	 2 3 7 1 	 3 8 8 8 	 5 0 	 - 1 	
5 	 1 	 4 6 	 1 	 6 0 	 1 	 1 2 9 4 	 2 3 7 1 	 1 7 	 2 9 	 3 0 	 5
5 	 1 	 4 6 	 1 	 6 0 	 2 	 1 7 8 7 	 2 3 8 4 	 1 5 	 2 3 	 0 	 ¥
5 	 1 	 4 6 	 1 	 6 0 	 3 	 2 1 7 8 	 2 4 0 4 	 6 2 	 1 5 	 3 2 	 b i e n
5 	 1 	 4 6 	 1 	 6 0 	 4 	 2 2 5 1 	 2 4 0 4 	 4 5 	 1 6 	 4 	 o v e
5 	 1 	 4 6 	 1 	 6 0 	 5 	 3 2 9 4 	 2 3 9 3 	 9 3 	 2 2 	 9 4 	 4 0 0 m m
5 	 1 	 4 6 	 1 	 6 0 	 6 	 3 5 7 0 	 2 3 7 3 	 7 3 	 4 8 	 3 5 	 w a 4 0 0
5 	 1 	 4 6 	 1 	 6 0 	 7 	 3 8 6 2 	 2 3 8 6 	 9 0 	 2 1 	 6 1 	 P w 4 0 0
5 	 1 	 4 6 	 1 	 6 0 	 8 	 4 1 6 0 	 2 3 8 6 	 9 2 	 2 1 	 7 2 	 A w 4 0 0
5 	 1 	 4 6 	 1 	 6 0 	 9 	 4 4 6 1 	 2 3 8 7 	 9 2 	 2 2 	 5 8 	 R W 4 0 0
5 	 1 	 4 6 	 1 	 6 0 	 1 0 	 4 7 5 1 	 2 3 8 7 	 1 1 1 	 2 2 	 8 5 	 P R W 4 0 0
5 	 1 	 4 6 	 1 	 6 0 	 1 1 	 5 1 6 4 	 2 3 8 1 	 1 8 	 2 8 	 1 8 	 q
4 	 1 	 4 6 	 1 	 6 1 	 0 	 1 2 9 4 	 2 4 1 5 	 3 8 8 8 	 4 8 	 - 1 	
5 	 1 	 4 6 	 1 	 6 1 	 1 	 1 2 9 4 	 2 4 1 5 	 1 7 	 2 8 	 8 1 	 a
5 	 1 	 4 6 	 1 	 6 1 	 2 	 3 2 9 4 	 2 4 3 6 	 9 2 	 2 1 	 9 6 	 3 5 0 m m
5 	 1 	 4 6 	 1 	 6 1 	 3 	 3 5 7 4 	 2 4 3 1 	 7 3 	 2 1 	 8 5 	 W 3 5 0
5 	 1 	 4 6 	 1 	 6 1 	 4 	 3 8 6 6 	 2 4 2 8 	 9 0 	 2 2 	 8 7 	 P W 3 5 0
5 	 1 	 4 6 	 1 	 6 1 	 5 	 4 1 6 3 	 2 4 1 5 	 9 3 	 4 7 	 8 7 	 A W 3 5 0
5 	 1 	 4 6 	 1 	 6 1 	 6 	 4 4 6 4 	 2 4 1 6 	 9 2 	 4 7 	 8 9 	 R W 3 5 0
5 	 1 	 4 6 	 1 	 6 1 	 7 	 4 7 5 5 	 2 4 3 0 	 1 1 1 	 2 1 	 8 4 	 P R W 3 5 0
5 	 1 	 4 6 	 1 	 6 1 	 8 	 5 1 6 4 	 2 4 2 4 	 1 8 	 2 9 	 1 4 	 Q
4 	 1 	 4 6 	 1 	 6 2 	 0 	 1 2 9 4 	 2 4 5 9 	 3 8 8 8 	 5 2 	 - 1 	
5 	 1 	 4 6 	 1 	 6 2 	 1 	 1 2 9 4 	 2 4 5 9 	 1 7 	 2 8 	 5 3 	 8
5 	 1 	 4 6 	 1 	 6 2 	 2 	 1 7 8 6 	 2 5 0 0 	 1 6 	 1 1 	 4 6 	 J
5 	 1 	 4 6 	 1 	 6 2 	 3 	 3 2 9 4 	 2 4 7 9 	 9 2 	 2 1 	 9 4 	 3 0 0 m m
5 	 1 	 4 6 	 1 	 6 2 	 4 	 3 5 7 0 	 2 4 7 3 	 7 3 	 2 2 	 8 8 	 w 3 0 0
5 	 1 	 4 6 	 1 	 6 2 	 5 	 3 8 6 2 	 2 4 7 1 	 9 1 	 2 2 	 4 9 	 P w 3 0 0
5 	 1 	 4 6 	 1 	 6 2 	 6 	 4 1 6 0 	 2 4 7 1 	 9 2 	 2 2 	 7 6 	 A W 3 0 0
5 	 1 	 4 6 	 1 	 6 2 	 7 	 4 4 6 1 	 2 4 7 3 	 9 2 	 2 1 	 7 8 	 R W 3 0 0
5 	 1 	 4 6 	 1 	 6 2 	 8 	 4 7 5 1 	 2 4 7 2 	 1 1 1 	 2 2 	 8 1 	 P R W 3 0 0
5 	 1 	 4 6 	 1 	 6 2 	 9 	 5 1 6 4 	 2 4 6 8 	 1 8 	 2 9 	 0 	 Q
4 	 1 	 4 6 	 1 	 6 3 	 0 	 1 2 9 4 	 2 5 0 2 	 3 5 7 2 	 3 5 	 - 1 	
5 	 1 	 4 6 	 1 	 6 3 	 1 	 1 2 9 4 	 2 5 0 2 	 1 7 	 2 9 	 3 4 	 5
5 	 1 	 4 6 	 1 	 6 3 	 2 	 1 7 8 6 	 2 5 1 2 	 1 6 	 2 3 	 0 	 é
5 	 1 	 4 6 	 1 	 6 3 	 3 	 3 5 7 4 	 2 5 1 6 	 7 3 	 2 1 	 9 5 	 W 2 5 0
5 	 1 	 4 6 	 1 	 6 3 	 4 	 3 8 6 6 	 2 5 1 4 	 9 0 	 2 1 	 8 6 	 P W 2 5 0
5 	 1 	 4 6 	 1 	 6 3 	 5 	 4 1 6 4 	 2 5 1 4 	 9 2 	 2 1 	 9 2 	 A W 2 5 0
5 	 1 	 4 6 	 1 	 6 3 	 6 	 4 4 6 4 	 2 5 1 5 	 9 2 	 2 2 	 8 7 	 R W 2 5 0
5 	 1 	 4 6 	 1 	 6 3 	 7 	 4 7 5 5 	 2 5 1 5 	 1 1 1 	 2 2 	 9 1 	 P R W 2 5 0
4 	 1 	 4 6 	 1 	 6 4 	 0 	 1 7 8 6 	 2 5 2 2 	 1 6 0 1 	 2 5 	 - 1 	
5 	 1 	 4 6 	 1 	 6 4 	 1 	 1 7 8 6 	 2 5 3 6 	 1 6 	 1 1 	 8 7 	 &
5 	 1 	 4 6 	 1 	 6 4 	 2 	 3 2 9 4 	 2 5 2 2 	 9 3 	 2 1 	 9 6 	 2 5 0 m m
4 	 1 	 4 6 	 1 	 6 5 	 0 	 1 2 9 4 	 2 5 4 2 	 3 8 8 8 	 4 7 	 - 1 	
5 	 1 	 4 6 	 1 	 6 5 	 1 	 1 2 9 4 	 2 5 4 6 	 1 7 	 2 9 	 4 5 	 a
5 	 1 	 4 6 	 1 	 6 5 	 2 	 1 7 8 6 	 2 5 4 8 	 1 6 	 1 1 	 4 2 	 1
5 	 1 	 4 6 	 1 	 6 5 	 3 	 3 2 9 5 	 2 5 6 4 	 9 2 	 2 2 	 9 4 	 2 2 5 m m
5 	 1 	 4 6 	 1 	 6 5 	 4 	 3 5 7 2 	 2 5 5 9 	 7 3 	 2 1 	 7 3 	 W 2 2 5
5 	 1 	 4 6 	 1 	 6 5 	 5 	 3 8 6 4 	 2 5 5 7 	 9 1 	 2 1 	 8 9 	 P W 2 2 5
5 	 1 	 4 6 	 1 	 6 5 	 6 	 4 1 6 2 	 2 5 4 2 	 9 2 	 4 7 	 9 2 	 A W 2 2 5
5 	 1 	 4 6 	 1 	 6 5 	 7 	 4 4 6 3 	 2 5 5 8 	 9 2 	 2 2 	 8 6 	 R W 2 2 5
5 	 1 	 4 6 	 1 	 6 5 	 8 	 4 7 5 3 	 2 5 5 8 	 1 1 1 	 2 2 	 9 1 	 P R W 2 2 5
5 	 1 	 4 6 	 1 	 6 5 	 9 	 5 1 6 4 	 2 5 5 6 	 1 8 	 2 8 	 1 5 	 a
4 	 1 	 4 6 	 1 	 6 6 	 0 	 3 2 9 5 	 2 5 8 5 	 1 8 8 7 	 4 9 	 - 1 	
5 	 1 	 4 6 	 1 	 6 6 	 1 	 3 2 9 5 	 2 6 0 7 	 9 2 	 2 2 	 9 6 	 2 0 0 m m
5 	 1 	 4 6 	 1 	 6 6 	 2 	 3 5 7 2 	 2 5 8 7 	 7 3 	 4 7 	 8 2 	 w 2 0 0
5 	 1 	 4 6 	 1 	 6 6 	 3 	 3 8 6 4 	 2 6 0 0 	 9 0 	 2 1 	 9 1 	 P w 2 0 0
5 	 1 	 4 6 	 1 	 6 6 	 4 	 4 1 6 2 	 2 5 8 5 	 9 2 	 4 7 	 8 9 	 A W 2 0 0
5 	 1 	 4 6 	 1 	 6 6 	 5 	 4 4 6 3 	 2 6 0 1 	 9 2 	 2 2 	 6 6 	 R W 2 0 0
5 	 1 	 4 6 	 1 	 6 6 	 6 	 4 7 5 3 	 2 6 0 1 	 1 1 1 	 2 1 	 8 0 	 P R W 2 0 0
5 	 1 	 4 6 	 1 	 6 6 	 7 	 5 1 6 4 	 2 6 0 0 	 1 8 	 2 8 	 0 	 N
4 	 1 	 4 6 	 1 	 6 7 	 0 	 1 7 8 6 	 2 6 4 2 	 3 3 9 6 	 4 5 	 - 1 	
5 	 1 	 4 6 	 1 	 6 7 	 1 	 1 7 8 6 	 2 6 5 1 	 1 6 	 3 6 	 6 4 	 3
5 	 1 	 4 6 	 1 	 6 7 	 2 	 3 2 9 4 	 2 6 5 0 	 9 0 	 2 1 	 7 7 	 4 5 0 m m
5 	 1 	 4 6 	 1 	 6 7 	 3 	 3 5 7 2 	 2 6 4 4 	 7 3 	 2 2 	 8 7 	 W 1 5 0
5 	 1 	 4 6 	 1 	 6 7 	 4 	 3 8 6 4 	 2 6 4 2 	 9 1 	 2 2 	 3 8 	 P w 1 5 0
5 	 1 	 4 6 	 1 	 6 7 	 5 	 4 1 6 2 	 2 6 4 2 	 9 2 	 2 2 	 8 9 	 A W 1 5 0
5 	 1 	 4 6 	 1 	 6 7 	 6 	 4 4 6 3 	 2 6 4 4 	 9 2 	 2 1 	 8 9 	 R W 1 5 0
5 	 1 	 4 6 	 1 	 6 7 	 7 	 4 7 5 3 	 2 6 4 4 	 1 1 1 	 2 1 	 9 1 	 P R W 1 5 0
5 	 1 	 4 6 	 1 	 6 7 	 8 	 5 1 6 4 	 2 6 4 3 	 1 8 	 2 9 	 3 2 	 a
4 	 1 	 4 6 	 1 	 6 8 	 0 	 1 2 9 4 	 2 6 7 4 	 3 8 8 8 	 4 7 	 - 1 	
5 	 1 	 4 6 	 1 	 6 8 	 1 	 1 2 9 4 	 2 6 7 7 	 1 7 	 2 9 	 4 2 	 8
5 	 1 	 4 6 	 1 	 6 8 	 2 	 1 7 8 7 	 2 6 8 8 	 1 5 	 2 2 	 5 8 	 a
5 	 1 	 4 6 	 1 	 6 8 	 3 	 2 1 9 1 	 2 7 0 1 	 8 1 	 1 6 	 8 	 e e e
5 	 1 	 4 6 	 1 	 6 8 	 4 	 3 2 9 4 	 2 6 9 2 	 9 1 	 2 2 	 7 4 	 1 0 0 m m
5 	 1 	 4 6 	 1 	 6 8 	 5 	 3 5 7 2 	 2 6 8 7 	 7 3 	 2 2 	 8 2 	 W 1 0 0
5 	 1 	 4 6 	 1 	 6 8 	 6 	 3 8 6 4 	 2 6 8 5 	 9 0 	 2 1 	 8 0 	 P w 1 0 0
5 	 1 	 4 6 	 1 	 6 8 	 7 	 4 1 6 2 	 2 6 7 4 	 9 2 	 4 7 	 9 0 	 A W 1 0 0
5 	 1 	 4 6 	 1 	 6 8 	 8 	 4 4 6 3 	 2 6 8 7 	 9 2 	 2 1 	 8 8 	 R W 1 0 0
5 	 1 	 4 6 	 1 	 6 8 	 9 	 4 7 5 3 	 2 6 8 6 	 1 1 1 	 2 2 	 8 9 	 P R W 1 0 0
5 	 1 	 4 6 	 1 	 6 8 	 1 0 	 5 1 6 4 	 2 6 8 7 	 1 8 	 2 9 	 2 3 	 a
4 	 1 	 4 6 	 1 	 6 9 	 0 	 1 2 9 4 	 2 7 1 3 	 3 8 8 8 	 5 1 	 - 1 	
5 	 1 	 4 6 	 1 	 6 9 	 1 	 1 2 9 4 	 2 7 2 1 	 1 7 	 2 9 	 1 9 	 a
5 	 1 	 4 6 	 1 	 6 9 	 2 	 2 1 8 3 	 2 7 4 3 	 3 3 	 1 5 	 3 2 	 b p
5 	 1 	 4 6 	 1 	 6 9 	 3 	 2 2 2 8 	 2 7 4 3 	 7 2 	 1 6 	 4 7 	 2 6 . 0 1 0 8
5 	 1 	 4 6 	 1 	 6 9 	 4 	 3 2 9 4 	 2 7 3 5 	 7 6 	 2 2 	 9 2 	 8 0 m m
5 	 1 	 4 6 	 1 	 6 9 	 5 	 3 5 8 0 	 2 7 3 0 	 5 7 	 2 1 	 4 3 	 w s o
5 	 1 	 4 6 	 1 	 6 9 	 6 	 3 8 7 2 	 2 7 2 8 	 7 5 	 2 1 	 6 8 	 P w s o
5 	 1 	 4 6 	 1 	 6 9 	 7 	 4 1 7 0 	 2 7 1 3 	 7 6 	 4 9 	 8 3 	 A W 8 0
5 	 1 	 4 6 	 1 	 6 9 	 8 	 4 4 7 1 	 2 7 1 4 	 7 6 	 4 9 	 7 7 	 R W 8 0
5 	 1 	 4 6 	 1 	 6 9 	 9 	 4 7 6 1 	 2 7 1 5 	 9 5 	 4 9 	 8 1 	 P R W 8 0
5 	 1 	 4 6 	 1 	 6 9 	 1 0 	 5 1 6 4 	 2 7 3 1 	 1 8 	 2 9 	 2 6 	 i
4 	 1 	 4 6 	 1 	 7 0 	 0 	 1 2 9 4 	 2 7 6 5 	 3 8 8 8 	 4 8 	 - 1 	
5 	 1 	 4 6 	 1 	 7 0 	 1 	 1 2 9 4 	 2 7 6 5 	 1 7 	 2 9 	 5 2 	 a
5 	 1 	 4 6 	 1 	 7 0 	 2 	 1 3 5 6 	 2 7 9 8 	 8 0 	 1 5 	 8 6 	 5 3 1 0 2 7 5
5 	 1 	 4 6 	 1 	 7 0 	 3 	 3 2 9 4 	 2 7 7 8 	 7 6 	 2 1 	 9 6 	 7 5 m m
5 	 1 	 4 6 	 1 	 7 0 	 4 	 3 5 8 0 	 2 7 7 3 	 5 7 	 2 1 	 8 3 	 w 7 5
5 	 1 	 4 6 	 1 	 7 0 	 5 	 3 8 7 2 	 2 7 7 1 	 7 5 	 2 1 	 9 2 	 P W 7 5
5 	 1 	 4 6 	 1 	 7 0 	 6 	 4 1 7 0 	 2 7 7 0 	 7 7 	 2 2 	 8 8 	 A W 7 5
5 	 1 	 4 6 	 1 	 7 0 	 7 	 4 4 7 1 	 2 7 7 2 	 7 6 	 2 1 	 8 3 	 R W 7 5
5 	 1 	 4 6 	 1 	 7 0 	 8 	 4 7 6 1 	 2 7 7 2 	 9 5 	 2 1 	 9 2 	 P R W 7 5
5 	 1 	 4 6 	 1 	 7 0 	 9 	 5 1 6 4 	 2 7 7 5 	 1 8 	 2 8 	 3 8 	 a
4 	 1 	 4 6 	 1 	 7 1 	 0 	 1 2 9 4 	 2 8 0 3 	 3 8 8 8 	 4 4 	 - 1 	
5 	 1 	 4 6 	 1 	 7 1 	 1 	 1 2 9 4 	 2 8 0 9 	 1 7 	 2 8 	 8 6 	 N
5 	 1 	 4 6 	 1 	 7 1 	 2 	 1 7 8 6 	 2 8 0 3 	 1 6 	 3 5 	 0 	 z
5 	 1 	 4 6 	 1 	 7 1 	 3 	 3 2 9 3 	 2 8 2 1 	 7 7 	 2 1 	 9 6 	 6 2 m m
5 	 1 	 4 6 	 1 	 7 1 	 4 	 5 1 6 4 	 2 8 1 9 	 1 8 	 2 8 	 3 8 	 a
4 	 1 	 4 6 	 1 	 7 2 	 0 	 4 5 1 	 2 8 3 4 	 1 3 5 1 	 1 6 	 - 1 	
5 	 1 	 4 6 	 1 	 7 2 	 1 	 4 5 1 	 2 8 3 4 	 8 0 	 1 6 	 9 6 	 5 3 1 0 2 7 7
5 	 1 	 4 6 	 1 	 7 2 	 2 	 9 0 3 	 2 8 3 4 	 8 1 	 1 5 	 9 6 	 5 3 1 0 2 7 6
5 	 1 	 4 6 	 1 	 7 2 	 3 	 1 7 8 6 	 2 8 3 6 	 1 6 	 1 4 	 5 2 	 S o
4 	 1 	 4 6 	 1 	 7 3 	 0 	 1 2 9 4 	 2 8 4 7 	 5 0 8 	 3 4 	 - 1 	
5 	 1 	 4 6 	 1 	 7 3 	 1 	 1 2 9 4 	 2 8 5 3 	 1 7 	 2 8 	 4 7 	 8
5 	 1 	 4 6 	 1 	 7 3 	 2 	 1 7 8 2 	 2 8 4 7 	 2 0 	 2 2 	 1 1 	 o S
4 	 1 	 4 6 	 1 	 7 4 	 0 	 4 4 7 	 2 8 6 2 	 4 7 3 5 	 5 0 	 - 1 	
5 	 1 	 4 6 	 1 	 7 4 	 1 	 4 4 7 	 2 8 8 8 	 1 0 3 	 1 6 	 9 1 	 D I P . 2 4 . 0 1 8
5 	 1 	 4 6 	 1 	 7 4 	 2 	 8 7 7 	 2 8 9 6 	 1 0 3 	 1 6 	 8 7 	 D I P . 2 4 . 0 1 7
5 	 1 	 4 6 	 1 	 7 4 	 3 	 3 2 9 3 	 2 8 6 4 	 7 7 	 2 1 	 9 6 	 5 0 m m
5 	 1 	 4 6 	 1 	 7 4 	 4 	 5 1 6 4 	 2 8 6 2 	 1 8 	 2 9 	 7 1 	 a
4 	 1 	 4 6 	 1 	 7 5 	 0 	 9 1 3 	 2 8 9 6 	 4 2 6 9 	 3 9 	 - 1 	
5 	 1 	 4 6 	 1 	 7 5 	 1 	 9 1 3 	 2 9 0 9 	 3 1 	 3 	 0 	 —
5 	 1 	 4 6 	 1 	 7 5 	 2 	 1 2 9 4 	 2 8 9 6 	 1 7 	 2 9 	 4 6 	 a
5 	 1 	 4 6 	 1 	 7 5 	 3 	 1 3 4 0 	 2 9 1 8 	 1 0 3 	 1 5 	 8 9 	 D I P . 2 4 . 0 0 6
5 	 1 	 4 6 	 1 	 7 5 	 4 	 3 2 9 4 	 2 9 0 6 	 7 6 	 2 2 	 9 6 	 3 2 m m
5 	 1 	 4 6 	 1 	 7 5 	 5 	 5 1 6 4 	 2 9 0 6 	 1 8 	 2 9 	 3 9 	 8
4 	 1 	 4 6 	 1 	 7 6 	 0 	 1 2 9 4 	 2 9 4 0 	 3 8 8 8 	 3 8 	 - 1 	
5 	 1 	 4 6 	 1 	 7 6 	 1 	 1 2 9 4 	 2 9 4 0 	 1 7 	 2 9 	 4 0 	 a
5 	 1 	 4 6 	 1 	 7 6 	 2 	 1 7 8 6 	 2 9 5 3 	 1 6 	 2 5 	 0 	 e
5 	 1 	 4 6 	 1 	 7 6 	 3 	 3 2 9 3 	 2 9 4 9 	 7 7 	 2 1 	 9 6 	 2 5 m m
5 	 1 	 4 6 	 1 	 7 6 	 4 	 5 1 6 4 	 2 9 5 0 	 1 8 	 2 8 	 6 9 	 i
4 	 1 	 4 6 	 1 	 7 7 	 0 	 1 2 9 4 	 2 9 7 9 	 3 8 8 8 	 4 4 	 - 1 	
5 	 1 	 4 6 	 1 	 7 7 	 1 	 1 2 9 4 	 2 9 8 0 	 2 2 	 4 3 	 6 	 f l
5 	 1 	 4 6 	 1 	 7 7 	 2 	 1 7 8 6 	 2 9 7 9 	 1 6 	 3 4 	 7 9 	 8
5 	 1 	 4 6 	 1 	 7 7 	 3 	 5 1 6 4 	 2 9 9 4 	 1 8 	 2 8 	 3 4 	 8
4 	 1 	 4 6 	 1 	 7 8 	 0 	 1 2 9 4 	 3 0 2 8 	 3 8 8 8 	 4 9 	 - 1 	
5 	 1 	 4 6 	 1 	 7 8 	 1 	 1 2 9 4 	 3 0 2 8 	 1 7 	 2 8 	 0 	 :
5 	 1 	 4 6 	 1 	 7 8 	 2 	 2 1 8 9 	 3 0 6 1 	 8 0 	 1 6 	 9 6 	 5 3 1 0 9 2 4
5 	 1 	 4 6 	 1 	 7 8 	 3 	 5 1 6 4 	 3 0 3 7 	 1 8 	 2 9 	 0 	 N
4 	 1 	 4 6 	 1 	 7 9 	 0 	 1 2 9 4 	 3 0 7 1 	 3 8 8 8 	 3 9 	 - 1 	
5 	 1 	 4 6 	 1 	 7 9 	 1 	 1 2 9 4 	 3 0 7 1 	 1 7 	 2 9 	 5 9 	 N
5 	 1 	 4 6 	 1 	 7 9 	 2 	 1 5 2 3 	 3 0 7 2 	 1 9 	 2 5 	 9 2 	 E
5 	 1 	 4 6 	 1 	 7 9 	 3 	 1 5 5 3 	 3 0 7 2 	 1 7 7 	 2 6 	 9 2 	 4 7 3 6 6 5 . 5 5 6
5 	 1 	 4 6 	 1 	 7 9 	 4 	 5 1 6 4 	 3 0 8 1 	 1 8 	 2 9 	 6 3 	 a
4 	 1 	 4 6 	 1 	 8 0 	 0 	 1 2 9 4 	 3 1 0 7 	 3 8 8 8 	 4 6 	 - 1 	
5 	 1 	 4 6 	 1 	 8 0 	 1 	 1 2 9 4 	 3 1 1 5 	 1 7 	 2 9 	 5 2 	 a
5 	 1 	 4 6 	 1 	 8 0 	 2 	 1 5 0 2 	 3 1 1 3 	 2 0 	 2 4 	 9 0 	 N
5 	 1 	 4 6 	 1 	 8 0 	 3 	 1 5 3 5 	 3 1 1 3 	 1 9 5 	 2 5 	 9 2 	 2 7 5 0 6 7 8 . 5 0 0
5 	 1 	 4 6 	 1 	 8 0 	 4 	 1 7 8 6 	 3 1 0 7 	 1 6 	 4 6 	 5 	 a
5 	 1 	 4 6 	 1 	 8 0 	 5 	 2 1 4 1 	 3 1 1 6 	 1 1 8 	 1 6 	 9 1 	 D I P . 2 5 . 0 1 2 A
5 	 1 	 4 6 	 1 	 8 0 	 6 	 5 1 6 4 	 3 1 2 5 	 1 8 	 2 8 	 4 6 	 a
4 	 1 	 4 6 	 1 	 8 1 	 0 	 1 2 9 4 	 3 1 5 4 	 3 8 8 8 	 4 3 	 - 1 	
5 	 1 	 4 6 	 1 	 8 1 	 1 	 1 2 9 4 	 3 1 5 9 	 1 7 	 2 8 	 6 3 	 a
5 	 1 	 4 6 	 1 	 8 1 	 2 	 1 7 8 6 	 3 1 5 4 	 1 6 	 1 1 	 4 0 	 1
5 	 1 	 4 6 	 1 	 8 1 	 3 	 5 1 6 4 	 3 1 6 9 	 1 8 	 2 8 	 6 	 i ]
4 	 1 	 4 6 	 1 	 8 2 	 0 	 1 2 9 4 	 3 2 0 3 	 1 7 	 2 8 	 - 1 	
5 	 1 	 4 6 	 1 	 8 2 	 1 	 1 2 9 4 	 3 2 0 3 	 1 7 	 2 8 	 4 2 	 a
4 	 1 	 4 6 	 1 	 8 3 	 0 	 1 2 9 4 	 3 2 1 2 	 3 8 8 8 	 7 3 	 - 1 	
5 	 1 	 4 6 	 1 	 8 3 	 1 	 1 2 9 4 	 3 2 4 6 	 1 7 	 2 9 	 0 	 :
5 	 1 	 4 6 	 1 	 8 3 	 2 	 1 7 8 6 	 3 2 5 8 	 1 6 	 1 1 	 5 5 	 ||||
5 	 1 	 4 6 	 1 	 8 3 	 3 	 4 3 7 8 	 3 2 2 8 	 1 9 	 2 5 	 8 0 	 E
5 	 1 	 4 6 	 1 	 8 3 	 4 	 4 4 0 8 	 3 2 2 8 	 1 7 7 	 2 6 	 8 0 	 4 7 4 0 4 5 . 0 5 0
5 	 1 	 4 6 	 1 	 8 3 	 5 	 5 1 6 4 	 3 2 1 2 	 1 8 	 7 3 	 0 	 ;
4 	 1 	 4 6 	 1 	 8 4 	 0 	 1 2 9 4 	 3 2 6 9 	 3 8 8 8 	 5 9 	 - 1 	
5 	 1 	 4 6 	 1 	 8 4 	 1 	 1 2 9 4 	 3 2 9 0 	 1 7 	 2 9 	 3 9 	 a
5 	 1 	 4 6 	 1 	 8 4 	 2 	 1 7 8 6 	 3 2 7 0 	 1 6 	 4 6 	 5 7 	 4
5 	 1 	 4 6 	 1 	 8 4 	 3 	 2 4 4 3 	 3 2 8 8 	 8 1 	 1 6 	 8 6 	 5 3 1 0 9 9 5
5 	 1 	 4 6 	 1 	 8 4 	 4 	 4 3 5 7 	 3 2 6 9 	 2 0 	 2 4 	 8 8 	 N
5 	 1 	 4 6 	 1 	 8 4 	 5 	 4 3 8 9 	 3 2 6 9 	 1 9 6 	 2 5 	 9 2 	 2 7 5 0 9 4 3 . 0 0 6
5 	 1 	 4 6 	 1 	 8 4 	 6 	 5 1 6 4 	 3 3 0 0 	 1 8 	 2 8 	 0 	 J
4 	 1 	 4 6 	 1 	 8 5 	 0 	 1 2 9 4 	 3 3 2 4 	 3 8 8 8 	 4 8 	 - 1 	
5 	 1 	 4 6 	 1 	 8 5 	 1 	 1 2 9 4 	 3 3 3 4 	 1 7 	 2 9 	 4 5 	 q
5 	 1 	 4 6 	 1 	 8 5 	 2 	 1 6 8 2 	 3 3 2 4 	 1 9 0 	 4 0 	 1 1 	 — _ — _ — _ —
5 	 1 	 4 6 	 1 	 8 5 	 3 	 2 4 2 1 	 3 3 4 2 	 1 1 7 	 1 5 	 9 2 	 D I P . 2 5 . 0 1 2 E
5 	 1 	 4 6 	 1 	 8 5 	 4 	 4 3 8 2 	 3 3 4 1 	 1 9 	 2 5 	 8 6 	 E
5 	 1 	 4 6 	 1 	 8 5 	 5 	 4 4 1 2 	 3 3 4 1 	 1 7 7 	 2 6 	 8 6 	 4 7 4 0 4 8 . 5 6 5
5 	 1 	 4 6 	 1 	 8 5 	 6 	 5 1 6 4 	 3 3 4 4 	 1 8 	 2 8 	 3 4 	 i
4 	 1 	 4 6 	 1 	 8 6 	 0 	 1 2 9 4 	 3 3 7 8 	 3 8 8 8 	 3 8 	 - 1 	
5 	 1 	 4 6 	 1 	 8 6 	 1 	 1 2 9 4 	 3 3 7 8 	 1 7 	 2 8 	 0 	 u
5 	 1 	 4 6 	 1 	 8 6 	 2 	 1 7 7 9 	 3 3 8 3 	 2 3 	 3 3 	 3 2 	 2
5 	 1 	 4 6 	 1 	 8 6 	 3 	 2 1 3 5 	 3 3 7 8 	 1 1 	 2 9 	 6 6 	 A
5 	 1 	 4 6 	 1 	 8 6 	 4 	 4 3 6 1 	 3 3 8 2 	 2 0 	 2 4 	 9 1 	 N
5 	 1 	 4 6 	 1 	 8 6 	 5 	 4 3 9 3 	 3 3 8 2 	 1 9 6 	 2 5 	 9 2 	 2 7 5 0 9 3 8 . 0 1 9
5 	 1 	 4 6 	 1 	 8 6 	 6 	 5 1 6 4 	 3 3 8 8 	 1 8 	 2 8 	 7 1 	 N
4 	 1 	 4 6 	 1 	 8 7 	 0 	 1 4 0 4 	 3 4 0 2 	 3 1 2 8 	 2 5 	 - 1 	
5 	 1 	 4 6 	 1 	 8 7 	 1 	 1 4 0 4 	 3 4 0 8 	 1 	 3 	 4 5 	 i
5 	 1 	 4 6 	 1 	 8 7 	 2 	 4 1 7 0 	 3 4 0 2 	 3 4 	 2 5 	 7 1 	 4
5 	 1 	 4 6 	 1 	 8 7 	 3 	 4 5 2 7 	 3 4 0 3 	 5 	 4 	 0 	 .
4 	 1 	 4 6 	 1 	 8 8 	 0 	 1 2 9 3 	 3 4 0 4 	 8 9 1 	 6 1 	 - 1 	
5 	 1 	 4 6 	 1 	 8 8 	 1 	 1 2 9 3 	 3 4 2 2 	 1 8 	 2 8 	 6 	 N
5 	 1 	 4 6 	 1 	 8 8 	 2 	 1 3 9 4 	 3 4 0 4 	 1 4 	 6 1 	 1 7 	 )
5 	 1 	 4 6 	 1 	 8 8 	 3 	 1 7 7 9 	 3 4 1 7 	 2 3 	 3 5 	 3 9 	 8
5 	 1 	 4 6 	 1 	 8 8 	 4 	 2 1 5 3 	 3 4 3 6 	 3 1 	 2 0 	 4 3 	 w o
4 	 1 	 4 6 	 1 	 8 9 	 0 	 4 0 0 	 3 4 3 1 	 5 0 4 7 	 9 6 	 - 1 	
5 	 1 	 4 6 	 1 	 8 9 	 1 	 4 0 0 	 3 4 8 7 	 8 	 1 	 8 6 	 =
5 	 1 	 4 6 	 1 	 8 9 	 2 	 5 0 4 	 3 4 8 7 	 1 6 	 1 	 9 5 	 =
5 	 1 	 4 6 	 1 	 8 9 	 3 	 6 0 8 	 3 4 8 7 	 6 6 	 1 	 8 	 — — —
5 	 1 	 4 6 	 1 	 8 9 	 4 	 9 2 0 	 3 4 8 7 	 8 	 1 	 7 6 	 =
5 	 1 	 4 6 	 1 	 8 9 	 5 	 1 2 3 2 	 3 4 6 5 	 8 1 	 2 9 	 4 0 	 _ _ f f
5 	 1 	 4 6 	 1 	 8 9 	 6 	 1 3 5 4 	 3 4 4 7 	 1 8 	 4 6 	 4 0 	 8
5 	 1 	 4 6 	 1 	 8 9 	 7 	 1 3 9 3 	 3 4 8 1 	 5 	 1 7 	 4 2 	 I
5 	 1 	 4 6 	 1 	 8 9 	 8 	 1 5 0 6 	 3 4 4 6 	 1 1 8 	 7 2 	 5 5 	 q e
5 	 1 	 4 6 	 1 	 8 9 	 9 	 1 6 5 7 	 3 4 4 6 	 1 6 	 4 6 	 6 7 	 8
5 	 1 	 4 6 	 1 	 8 9 	 1 0 	 1 7 7 9 	 3 4 8 0 	 1 	 1 6 	 8 2 	 ||||
5 	 1 	 4 6 	 1 	 8 9 	 1 1 	 1 9 0 2 	 3 4 4 3 	 6 5 	 8 4 	 6 3 	 m a f
5 	 1 	 4 6 	 1 	 8 9 	 1 2 	 2 0 1 5 	 3 4 5 7 	 4 	 6 1 	 8 8 	 ||||
5 	 1 	 4 6 	 1 	 8 9 	 1 3 	 2 0 5 3 	 3 4 4 3 	 6 2 	 8 4 	 7 	 m a a
5 	 1 	 4 6 	 1 	 8 9 	 1 4 	 2 1 5 3 	 3 4 6 0 	 3 1 	 3 0 	 3 4 	 O D
5 	 1 	 4 6 	 1 	 8 9 	 1 5 	 2 2 0 5 	 3 4 6 4 	 5 8 	 2 8 	 8 1 	 0 + 0 7 5
5 	 1 	 4 6 	 1 	 8 9 	 1 6 	 2 3 5 6 	 3 4 6 4 	 5 9 	 2 9 	 9 0 	 0 + 1 0 0
5 	 1 	 4 6 	 1 	 8 9 	 1 7 	 2 5 0 8 	 3 4 6 4 	 5 8 	 2 8 	 9 1 	 0 + 1 2 5
5 	 1 	 4 6 	 1 	 8 9 	 1 8 	 2 6 6 0 	 3 4 6 4 	 5 8 	 2 9 	 9 2 	 0 + 1 5 0
5 	 1 	 4 6 	 1 	 8 9 	 1 9 	 2 8 1 1 	 3 4 6 4 	 5 8 	 2 8 	 8 9 	 0 + 1 7 5
5 	 1 	 4 6 	 1 	 8 9 	 2 0 	 2 9 6 3 	 3 4 6 5 	 5 8 	 2 8 	 7 1 	 0 + 2 0 0
5 	 1 	 4 6 	 1 	 8 9 	 2 1 	 3 0 7 0 	 3 4 8 4 	 9 	 8 	 5 6 	 ||||
5 	 1 	 4 6 	 1 	 8 9 	 2 2 	 3 1 1 4 	 3 4 6 4 	 5 9 	 2 9 	 0 	 ( 0 + 2 2 5
5 	 1 	 4 6 	 1 	 8 9 	 2 3 	 3 2 6 6 	 3 4 6 5 	 5 8 	 1 6 	 9 2 	 0 + 2 5 0
5 	 1 	 4 6 	 1 	 8 9 	 2 4 	 3 4 1 8 	 3 4 6 4 	 5 8 	 2 9 	 9 1 	 0 + 2 7 5
5 	 1 	 4 6 	 1 	 8 9 	 2 5 	 3 5 6 9 	 3 4 6 5 	 5 9 	 2 7 	 8 1 	 0 + 3 0 0
5 	 1 	 4 6 	 1 	 8 9 	 2 6 	 3 7 2 1 	 3 4 6 4 	 5 8 	 2 8 	 9 1 	 0 + 3 2 5
5 	 1 	 4 6 	 1 	 8 9 	 2 7 	 3 8 7 2 	 3 4 6 5 	 5 9 	 3 1 	 8 5 	 0 + 3 5 0
5 	 1 	 4 6 	 1 	 8 9 	 2 8 	 4 0 2 4 	 3 4 6 4 	 5 8 	 1 6 	 9 1 	 0 + 3 7 5
5 	 1 	 4 6 	 1 	 8 9 	 2 9 	 4 1 7 5 	 3 4 5 0 	 6 7 	 6 6 	 3 5 	 a h
5 	 1 	 4 6 	 1 	 8 9 	 3 0 	 4 3 2 7 	 3 4 6 4 	 5 8 	 1 6 	 9 2 	 0 + 4 2 5
5 	 1 	 4 6 	 1 	 8 9 	 3 1 	 4 4 7 9 	 3 4 6 5 	 5 8 	 1 6 	 9 1 	 0 + 4 5 0
5 	 1 	 4 6 	 1 	 8 9 	 3 2 	 4 6 3 0 	 3 4 6 4 	 5 8 	 2 8 	 9 0 	 0 + 4 7 5
5 	 1 	 4 6 	 1 	 8 9 	 3 3 	 4 7 8 2 	 3 4 6 5 	 5 8 	 1 6 	 9 0 	 0 + 5 0 0
5 	 1 	 4 6 	 1 	 8 9 	 3 4 	 4 9 3 3 	 3 4 6 4 	 5 9 	 2 9 	 8 9 	 0 + 5 2 5
5 	 1 	 4 6 	 1 	 8 9 	 3 5 	 5 0 8 5 	 3 4 6 5 	 5 8 	 1 6 	 9 1 	 0 + 5 5 0
5 	 1 	 4 6 	 1 	 8 9 	 3 6 	 5 1 6 4 	 3 4 3 1 	 1 8 	 7 3 	 2 7 	 .
5 	 1 	 4 6 	 1 	 8 9 	 3 7 	 5 2 3 7 	 3 4 6 4 	 5 8 	 1 6 	 8 6 	 0 + 5 7 5
5 	 1 	 4 6 	 1 	 8 9 	 3 8 	 5 3 8 8 	 3 4 6 5 	 5 9 	 2 7 	 8 6 	 0 + 6 0 0
4 	 1 	 4 6 	 1 	 9 0 	 0 	 1 3 5 4 	 3 4 8 2 	 3 7 6 1 	 3 7 	 - 1 	
5 	 1 	 4 6 	 1 	 9 0 	 1 	 1 3 5 4 	 3 4 9 4 	 1 7 	 1 1 	 4 7 	 3
5 	 1 	 4 6 	 1 	 9 0 	 2 	 1 5 0 2 	 3 4 8 2 	 2 0 	 3 1 	 4 5 	 3 °
5 	 1 	 4 6 	 1 	 9 0 	 3 	 1 6 5 3 	 3 4 8 2 	 2 0 	 3 1 	 3 3 	 3 °
5 	 1 	 4 6 	 1 	 9 0 	 4 	 2 1 5 3 	 3 4 8 2 	 3 3 	 3 7 	 2 9 	 o n
5 	 1 	 4 6 	 1 	 9 0 	 5 	 3 0 7 4 	 3 4 9 3 	 1 	 1 8 	 4 4 	 I
5 	 1 	 4 6 	 1 	 9 0 	 6 	 4 2 0 0 	 3 4 8 9 	 5 	 1 6 	 6 8 	 I
5 	 1 	 4 6 	 1 	 9 0 	 7 	 4 3 5 6 	 3 4 8 7 	 1 	 5 	 1 8 	 :
5 	 1 	 4 6 	 1 	 9 0 	 8 	 4 5 0 7 	 3 4 8 6 	 1 	 5 	 8 	 :
5 	 1 	 4 6 	 1 	 9 0 	 9 	 5 1 1 4 	 3 4 8 7 	 1 	 4 	 1 3 	 :
4 	 1 	 4 6 	 1 	 9 1 	 0 	 1 2 9 3 	 3 5 0 9 	 3 8 8 9 	 5 0 	 - 1 	
5 	 1 	 4 6 	 1 	 9 1 	 1 	 1 2 9 3 	 3 5 0 9 	 1 9 	 2 9 	 5 3 	 i
5 	 1 	 4 6 	 1 	 9 1 	 2 	 1 3 6 8 	 3 5 1 0 	 4 8 	 4 9 	 6 3 	 r h
5 	 1 	 4 6 	 1 	 9 1 	 3 	 2 1 5 3 	 3 5 1 8 	 3 1 	 2 0 	 5 8 	 o
5 	 1 	 4 6 	 1 	 9 1 	 4 	 3 0 7 4 	 3 5 2 5 	 1 	 3 	 8 3 	 ||||
5 	 1 	 4 6 	 1 	 9 1 	 5 	 4 2 0 0 	 3 5 2 8 	 4 	 1 6 	 0 	 \
5 	 1 	 4 6 	 1 	 9 1 	 6 	 5 1 6 4 	 3 5 1 9 	 1 8 	 2 8 	 1 4 	 Q
4 	 1 	 4 6 	 1 	 9 2 	 0 	 1 2 9 4 	 3 5 4 1 	 3 8 8 8 	 5 1 	 - 1 	
5 	 1 	 4 6 	 1 	 9 2 	 1 	 1 2 9 4 	 3 5 5 3 	 1 7 	 2 8 	 2 	 »
5 	 1 	 4 6 	 1 	 9 2 	 2 	 1 3 6 8 	 3 5 4 9 	 6 0 	 3 5 	 5 3 	 o >
5 	 1 	 4 6 	 1 	 9 2 	 3 	 1 7 8 7 	 3 5 6 1 	 1 5 	 2 3 	 3 	 Z
5 	 1 	 4 6 	 1 	 9 2 	 4 	 4 1 7 0 	 3 5 4 1 	 6 0 	 5 1 	 6 2 	 < 3
5 	 1 	 4 6 	 1 	 9 2 	 5 	 5 1 6 4 	 3 5 6 3 	 1 8 	 2 8 	 0 	 i N
4 	 1 	 4 6 	 1 	 9 3 	 0 	 1 3 6 8 	 3 5 7 3 	 2 8 6 2 	 3 2 	 - 1 	
5 	 1 	 4 6 	 1 	 9 3 	 1 	 1 3 6 8 	 3 5 8 1 	 1 9 	 2 4 	 9 5 	 =
5 	 1 	 4 6 	 1 	 9 3 	 2 	 1 7 8 6 	 3 5 8 5 	 1 6 	 1 1 	 2 6 	 3
5 	 1 	 4 6 	 1 	 9 3 	 3 	 4 2 1 1 	 3 5 7 3 	 1 9 	 2 4 	 7 	 °
4 	 1 	 4 6 	 1 	 9 4 	 0 	 1 2 9 4 	 3 5 9 7 	 3 8 8 8 	 3 8 	 - 1 	
5 	 1 	 4 6 	 1 	 9 4 	 1 	 1 2 9 4 	 3 5 9 7 	 1 7 	 2 8 	 6 0 	 a
5 	 1 	 4 6 	 1 	 9 4 	 2 	 1 7 8 7 	 3 5 9 7 	 1 5 	 2 3 	 8 6 	 &
5 	 1 	 4 6 	 1 	 9 4 	 3 	 4 2 1 1 	 3 5 9 9 	 1 8 	 1 4 	 8 8 	 4
5 	 1 	 4 6 	 1 	 9 4 	 4 	 5 1 6 4 	 3 6 0 6 	 1 8 	 2 9 	 0 	 Q
4 	 1 	 4 6 	 1 	 9 5 	 0 	 4 3 0 	 3 6 3 4 	 4 7 5 2 	 6 4 	 - 1 	
5 	 1 	 4 6 	 1 	 9 5 	 1 	 4 3 0 	 3 6 3 4 	 4 6 	 6 2 	 8 7 	 E
5 	 1 	 4 6 	 1 	 9 5 	 2 	 5 0 4 	 3 6 3 5 	 4 4 4 	 6 3 	 8 7 	 4 7 3 7 0 5 . 8 2 0
5 	 1 	 4 6 	 1 	 9 5 	 3 	 1 2 9 4 	 3 6 4 0 	 1 7 	 2 9 	 2 0 	 ,
5 	 1 	 4 6 	 1 	 9 5 	 4 	 3 0 4 6 	 3 6 4 0 	 5 6 	 2 2 	 4 2 	 =
5 	 1 	 4 6 	 1 	 9 5 	 5 	 5 1 6 4 	 3 6 5 0 	 1 8 	 2 9 	 4 1 	 a
4 	 1 	 4 6 	 1 	 9 6 	 0 	 1 2 9 4 	 3 6 8 1 	 3 8 8 8 	 6 4 	 - 1 	
5 	 1 	 4 6 	 1 	 9 6 	 1 	 1 2 9 4 	 3 6 8 4 	 1 7 	 2 9 	 4 8 	 8
5 	 1 	 4 6 	 1 	 9 6 	 2 	 1 7 8 6 	 3 7 1 3 	 1 6 	 1 1 	 1 9 	 J
5 	 1 	 4 6 	 1 	 9 6 	 3 	 4 3 6 0 	 3 6 8 1 	 4 6 	 6 2 	 8 3 	 E
5 	 1 	 4 6 	 1 	 9 6 	 4 	 4 4 3 4 	 3 6 8 2 	 4 4 4 	 6 3 	 8 3 	 4 7 4 2 2 7 . 6 0 5
5 	 1 	 4 6 	 1 	 9 6 	 5 	 5 1 6 4 	 3 6 9 4 	 1 8 	 2 8 	 3 8 	 7
4 	 1 	 4 6 	 1 	 9 7 	 0 	 1 2 9 4 	 3 7 2 5 	 3 4 3 9 	 3 1 	 - 1 	
5 	 1 	 4 6 	 1 	 9 7 	 1 	 1 2 9 4 	 3 7 2 8 	 1 7 	 2 8 	 3 5 	 i
5 	 1 	 4 6 	 1 	 9 7 	 2 	 1 7 8 6 	 3 7 2 5 	 1 6 	 2 3 	 5 3 	 &
5 	 1 	 4 6 	 1 	 9 7 	 3 	 4 7 2 3 	 3 7 3 5 	 1 0 	 9 	 6 6 	 .
4 	 1 	 4 6 	 1 	 9 8 	 0 	 3 8 9 	 3 7 3 5 	 4 7 9 3 	 6 5 	 - 1 	
5 	 1 	 4 6 	 1 	 9 8 	 1 	 3 8 9 	 3 7 3 5 	 4 9 	 6 2 	 8 8 	 N
5 	 1 	 4 6 	 1 	 9 8 	 2 	 4 7 0 	 3 7 3 6 	 4 7 7 	 6 3 	 8 8 	 2 7 5 0 5 9 4 . 4 3 1
5 	 1 	 4 6 	 1 	 9 8 	 3 	 1 2 9 4 	 3 7 7 2 	 1 7 	 2 8 	 0 	 n
5 	 1 	 4 6 	 1 	 9 8 	 4 	 1 5 3 7 	 3 7 5 2 	 2 0 7 	 2 5 	 0 	 E t e n
5 	 1 	 4 6 	 1 	 9 8 	 5 	 5 1 6 4 	 3 7 3 8 	 1 8 	 2 8 	 0 	 ;
4 	 1 	 4 6 	 1 	 9 9 	 0 	 8 0 5 	 3 7 8 1 	 4 3 7 7 	 6 6 	 - 1 	
5 	 1 	 4 6 	 1 	 9 9 	 1 	 8 0 5 	 3 7 8 9 	 7 	 9 	 2 2 	 :
5 	 1 	 4 6 	 1 	 9 9 	 2 	 1 5 3 6 	 3 7 9 2 	 2 2 9 	 2 6 	 0 	 N e t
5 	 1 	 4 6 	 1 	 9 9 	 3 	 4 3 0 7 	 3 7 8 3 	 5 0 	 6 1 	 9 2 	 N
5 	 1 	 4 6 	 1 	 9 9 	 4 	 4 3 8 9 	 3 7 8 3 	 4 8 9 	 6 4 	 9 1 	 2 7 5 0 9 6 2 . 1 5 8
4 	 1 	 4 6 	 1 	 1 0 0 	 0 	 1 2 9 4 	 3 8 1 5 	 3 8 8 8 	 3 9 	 - 1 	
5 	 1 	 4 6 	 1 	 1 0 0 	 1 	 1 2 9 4 	 3 8 1 5 	 1 7 	 2 9 	 1 6 	 N
5 	 1 	 4 6 	 1 	 1 0 0 	 2 	 4 7 2 4 	 3 8 3 6 	 9 	 9 	 1 6 	 .
5 	 1 	 4 6 	 1 	 1 0 0 	 3 	 5 1 6 4 	 3 8 2 5 	 1 8 	 2 9 	 0 	 o
4 	 1 	 4 6 	 1 	 1 0 1 	 0 	 1 7 8 6 	 3 9 1 2 	 1 6 	 1 1 	 - 1 	
5 	 1 	 4 6 	 1 	 1 0 1 	 1 	 1 7 8 6 	 3 9 1 2 	 1 6 	 1 1 	 5 8 	 o u
4 	 1 	 4 6 	 1 	 1 0 2 	 0 	 5 1 6 4 	 3 9 1 3 	 1 8 	 2 8 	 - 1 	
5 	 1 	 4 6 	 1 	 1 0 2 	 1 	 5 1 6 4 	 3 9 1 3 	 1 8 	 2 8 	 4 3 	 N
4 	 1 	 4 6 	 1 	 1 0 3 	 0 	 1 2 1 9 	 3 9 4 3 	 3 9 6 3 	 8 8 	 - 1 	
5 	 1 	 4 6 	 1 	 1 0 3 	 1 	 1 2 1 9 	 3 9 4 3 	 9 2 	 8 3 	 0 	 “ &
5 	 1 	 4 6 	 1 	 1 0 3 	 2 	 5 0 9 4 	 3 9 5 2 	 8 8 	 7 9 	 2 7 	 ®
4 	 1 	 4 6 	 1 	 1 0 4 	 0 	 1 3 1 5 	 4 0 1 3 	 3 8 3 6 	 2 6 	 - 1 	
5 	 1 	 4 6 	 1 	 1 0 4 	 1 	 1 3 1 5 	 4 0 1 3 	 1 1 6 	 1 8 	 5 9 	 E E R
5 	 1 	 4 6 	 1 	 1 0 4 	 2 	 1 4 5 1 	 4 0 1 3 	 1 1 0 	 1 8 	 4 6 	 R R R
5 	 1 	 4 6 	 1 	 1 0 4 	 3 	 1 5 8 4 	 4 0 1 3 	 1 1 0 	 1 8 	 4 4 	 R R R
5 	 1 	 4 6 	 1 	 1 0 4 	 4 	 1 7 1 4 	 4 0 1 3 	 1 1 0 	 2 6 	 0 	 R R M
5 	 1 	 4 6 	 1 	 1 0 4 	 5 	 1 8 4 7 	 4 0 1 3 	 1 0 7 	 1 8 	 0 	 R R R
5 	 1 	 4 6 	 1 	 1 0 4 	 6 	 1 9 7 7 	 4 0 1 3 	 1 1 0 	 1 8 	 4 5 	 R R R
5 	 1 	 4 6 	 1 	 1 0 4 	 7 	 2 1 1 0 	 4 0 1 3 	 6 2 	 1 8 	 4 5 	 R R
5 	 1 	 4 6 	 1 	 1 0 4 	 8 	 2 1 9 5 	 4 0 1 3 	 1 1 1 	 1 8 	 4 9 	 R R R
5 	 1 	 4 6 	 1 	 1 0 4 	 9 	 2 3 2 9 	 4 0 1 3 	 1 0 7 	 1 8 	 4 5 	 R R R
5 	 1 	 4 6 	 1 	 1 0 4 	 1 0 	 2 4 5 9 	 4 0 1 3 	 1 0 6 	 1 8 	 5 4 	 R R R
5 	 1 	 4 6 	 1 	 1 0 4 	 1 1 	 2 5 8 8 	 4 0 1 3 	 6 6 	 1 8 	 4 9 	 R R
5 	 1 	 4 6 	 1 	 1 0 4 	 1 2 	 2 6 7 7 	 4 0 1 3 	 1 0 7 	 1 8 	 3 3 	 R R R
5 	 1 	 4 6 	 1 	 1 0 4 	 1 3 	 2 8 0 7 	 4 0 1 3 	 1 1 0 	 1 8 	 3 3 	 R R R
5 	 1 	 4 6 	 1 	 1 0 4 	 1 4 	 2 9 4 0 	 4 0 1 3 	 1 0 7 	 1 8 	 4 3 	 R R R
5 	 1 	 4 6 	 1 	 1 0 4 	 1 5 	 3 0 7 0 	 4 0 1 3 	 1 1 0 	 1 8 	 4 3 	 R R R
5 	 1 	 4 6 	 1 	 1 0 4 	 1 6 	 3 2 0 3 	 4 0 1 3 	 1 0 7 	 1 8 	 3 4 	 R R R
5 	 1 	 4 6 	 1 	 1 0 4 	 1 7 	 3 3 3 3 	 4 0 0 2 	 6 9 	 4 1 	 4 4 	 R R P
5 	 1 	 4 6 	 1 	 1 0 4 	 1 8 	 3 4 2 2 	 4 0 1 3 	 6 2 	 1 8 	 4 9 	 R R
5 	 1 	 4 6 	 1 	 1 0 4 	 1 9 	 3 5 0 7 	 4 0 1 3 	 1 1 1 	 1 8 	 4 4 	 R R R
5 	 1 	 4 6 	 1 	 1 0 4 	 2 0 	 3 6 4 1 	 4 0 1 3 	 1 0 7 	 1 8 	 3 8 	 R R R
5 	 1 	 4 6 	 1 	 1 0 4 	 2 1 	 3 7 7 1 	 4 0 1 3 	 1 1 0 	 1 8 	 4 4 	 R R R
5 	 1 	 4 6 	 1 	 1 0 4 	 2 2 	 3 9 0 4 	 4 0 1 3 	 1 0 7 	 1 8 	 4 5 	 R R R
5 	 1 	 4 6 	 1 	 1 0 4 	 2 3 	 4 0 3 4 	 4 0 1 3 	 1 1 0 	 1 8 	 2 1 	 R R R
5 	 1 	 4 6 	 1 	 1 0 4 	 2 4 	 4 1 6 7 	 4 0 1 3 	 1 0 7 	 1 8 	 2 1 	 R R R
5 	 1 	 4 6 	 1 	 1 0 4 	 2 5 	 4 2 9 7 	 4 0 1 3 	 1 0 7 	 1 8 	 4 3 	 R R R
5 	 1 	 4 6 	 1 	 1 0 4 	 2 6 	 4 4 2 7 	 4 0 1 3 	 1 1 0 	 1 8 	 3 4 	 R R R
5 	 1 	 4 6 	 1 	 1 0 4 	 2 7 	 4 5 6 0 	 4 0 1 3 	 1 0 7 	 1 8 	 3 0 	 R R R
5 	 1 	 4 6 	 1 	 1 0 4 	 2 8 	 4 6 9 0 	 4 0 1 3 	 1 5 5 	 1 8 	 4 	 R E E
5 	 1 	 4 6 	 1 	 1 0 4 	 2 9 	 4 9 5 3 	 4 0 1 3 	 1 9 8 	 1 8 	 4 	 e e e
4 	 1 	 4 6 	 1 	 1 0 5 	 0 	 1 7 8 6 	 4 0 4 1 	 1 5 	 1 0 	 - 1 	
5 	 1 	 4 6 	 1 	 1 0 5 	 1 	 1 7 8 6 	 4 0 4 1 	 1 5 	 1 0 	 8 1 	 x
4 	 1 	 4 6 	 1 	 1 0 6 	 0 	 1 7 8 6 	 4 0 5 2 	 1 6 	 1 1 	 - 1 	
5 	 1 	 4 6 	 1 	 1 0 6 	 1 	 1 7 8 6 	 4 0 5 2 	 1 6 	 1 1 	 6 1 	 S o
4 	 1 	 4 6 	 1 	 1 0 7 	 0 	 1 7 8 6 	 4 0 6 4 	 1 6 	 1 0 	 - 1 	
5 	 1 	 4 6 	 1 	 1 0 7 	 1 	 1 7 8 6 	 4 0 6 4 	 1 6 	 1 0 	 1 8 	 o O
4 	 1 	 4 6 	 1 	 1 0 8 	 0 	 2 5 3 9 	 4 1 3 8 	 8 1 	 1 6 	 - 1 	
5 	 1 	 4 6 	 1 	 1 0 8 	 1 	 2 5 3 9 	 4 1 3 8 	 8 1 	 1 6 	 9 6 	 5 3 1 0 2 6 4
4 	 1 	 4 6 	 1 	 1 0 9 	 0 	 9 6 6 	 4 1 6 1 	 4 0 8 4 	 4 2 	 - 1 	
5 	 1 	 4 6 	 1 	 1 0 9 	 1 	 9 6 6 	 4 1 6 1 	 8 0 	 1 5 	 7 2 	 5 3 1 0 2 6 8
5 	 1 	 4 6 	 1 	 1 0 9 	 2 	 1 7 8 6 	 4 1 6 8 	 1 6 	 3 5 	 3 0 	 g
5 	 1 	 4 6 	 1 	 1 0 9 	 3 	 3 5 4 3 	 4 1 7 2 	 8 0 	 1 6 	 9 5 	 5 3 1 0 2 6 3
5 	 1 	 4 6 	 1 	 1 0 9 	 4 	 4 3 3 8 	 4 1 7 2 	 8 0 	 1 6 	 9 6 	 5 3 1 0 2 6 2
5 	 1 	 4 6 	 1 	 1 0 9 	 5 	 4 9 7 3 	 4 1 7 1 	 7 7 	 1 6 	 9 5 	 5 3 1 0 2 6 1
4 	 1 	 4 6 	 1 	 1 1 0 	 0 	 1 7 8 7 	 4 1 9 9 	 3 3 1 0 	 4 9 	 - 1 	
5 	 1 	 4 6 	 1 	 1 1 0 	 1 	 1 7 8 7 	 4 1 9 9 	 2 0 	 3 1 	 0 	 N s
5 	 1 	 4 6 	 1 	 1 1 0 	 2 	 2 5 2 1 	 4 2 1 2 	 1 0 1 	 1 5 	 8 8 	 D I P . 2 5 . 0 1 1
5 	 1 	 4 6 	 1 	 1 1 0 	 3 	 3 5 3 5 	 4 2 2 1 	 1 0 3 	 1 5 	 8 9 	 D I P . 2 5 . 0 1 0
5 	 1 	 4 6 	 1 	 1 1 0 	 4 	 4 3 7 1 	 4 2 2 2 	 1 0 3 	 1 5 	 8 6 	 D I P . 2 5 . 0 0 9
5 	 1 	 4 6 	 1 	 1 1 0 	 5 	 4 9 9 4 	 4 2 3 2 	 1 0 3 	 1 6 	 8 9 	 D I P . 2 5 . 0 0 8
4 	 1 	 4 6 	 1 	 1 1 1 	 0 	 1 0 0 4 	 4 2 6 0 	 1 0 4 	 1 5 	 - 1 	
5 	 1 	 4 6 	 1 	 1 1 1 	 1 	 1 0 0 4 	 4 2 6 0 	 1 0 4 	 1 5 	 8 0 	 D I P . 2 4 . 0 0 7
4 	 1 	 4 6 	 1 	 1 1 2 	 0 	 1 7 8 6 	 4 4 7 1 	 1 6 	 1 0 	 - 1 	
5 	 1 	 4 6 	 1 	 1 1 2 	 1 	 1 7 8 6 	 4 4 7 1 	 1 6 	 1 0 	 5 9 	 o O
4 	 1 	 4 6 	 1 	 1 1 3 	 0 	 1 7 8 7 	 4 4 8 3 	 1 5 	 3 5 	 - 1 	
5 	 1 	 4 6 	 1 	 1 1 3 	 1 	 1 7 8 7 	 4 4 8 3 	 1 5 	 3 5 	 5 5 	 3
4 	 1 	 4 6 	 1 	 1 1 4 	 0 	 1 7 8 6 	 4 5 1 9 	 1 6 	 1 0 	 - 1 	
5 	 1 	 4 6 	 1 	 1 1 4 	 1 	 1 7 8 6 	 4 5 1 9 	 1 6 	 1 0 	 6 7 	 o a
2 	 1 	 4 7 	 0 	 0 	 0 	 5 5 4 4 	 1 4 1 	 1 	 4 3 9 6 	 - 1 	
3 	 1 	 4 7 	 1 	 0 	 0 	 5 5 4 4 	 1 4 1 	 1 	 4 3 9 6 	 - 1 	
4 	 1 	 4 7 	 1 	 1 	 0 	 5 5 4 4 	 1 4 1 	 1 	 4 3 9 6 	 - 1 	
5 	 1 	 4 7 	 1 	 1 	 1 	 5 5 4 4 	 1 4 1 	 1 	 4 3 9 6 	 9 5 	 | |
2 	 1 	 4 8 	 0 	 0 	 0 	 5 6 0 2 	 1 3 6 	 9 1 8 	 4 4 0 6 	 - 1 	
3 	 1 	 4 8 	 1 	 0 	 0 	 5 6 0 2 	 1 3 6 	 9 1 8 	 4 4 0 6 	 - 1 	
4 	 1 	 4 8 	 1 	 1 	 0 	 5 6 0 2 	 1 3 6 	 9 1 8 	 4 4 0 6 	 - 1 	
5 	 1 	 4 8 	 1 	 1 	 1 	 5 6 0 2 	 1 3 6 	 9 1 8 	 4 4 0 6 	 9 5 	 | |
2 	 1 	 4 9 	 0 	 0 	 0 	 9 8 	 4 5 3 5 	 5 4 4 7 	 2 	 - 1 	
3 	 1 	 4 9 	 1 	 0 	 0 	 9 8 	 4 5 3 5 	 5 4 4 7 	 2 	 - 1 	
4 	 1 	 4 9 	 1 	 1 	 0 	 9 8 	 4 5 3 5 	 5 4 4 7 	 2 	 - 1 	
5 	 1 	 4 9 	 1 	 1 	 1 	 9 8 	 4 5 3 5 	 5 4 4 7 	 2 	 9 5 	 | |
2 	 1 	 5 0 	 0 	 0 	 0 	 3 5 	 4 6 5 2 	 6 5 5 2 	 1 	 - 1 	
3 	 1 	 5 0 	 1 	 0 	 0 	 3 5 	 4 6 5 2 	 6 5 5 2 	 1 	 - 1 	
4 	 1 	 5 0 	 1 	 1 	 0 	 3 5 	 4 6 5 2 	 6 5 5 2 	 1 	 - 1 	
5 	 1 	 5 0 	 1 	 1 	 1 	 3 5 	 4 6 5 2 	 6 5 5 2 	 1 	 9 5 	 | |
2 	 1 	 5 1 	 0 	 0 	 0 	 6 5 8 6 	 2 5 	 1 	 4 6 2 8 	 - 1 	
3 	 1 	 5 1 	 1 	 0 	 0 	 6 5 8 6 	 2 5 	 1 	 4 6 2 8 	 - 1 	
4 	 1 	 5 1 	 1 	 1 	 0 	 6 5 8 6 	 2 5 	 1 	 4 6 2 8 	 - 1 	
5 	 1 	 5 1 	 1 	 1 	 1 	 6 5 8 6 	 2 5 	 1 	 4 6 2 8 	 9 5 	 | |
